DEFECT-ANNOTATION-LARGE
A) pale stripes across slides
1.
{"normalizedAffine":[0.007150244080291359,0.0,0.0,-2.416681290739764,0.0,0.007150244080291359,0.0,-0.8541414865758696,0.0,0.0,0.007150244080291359,-0.13612988430739786],"timepoint":0}
{"normalizedAffine":[0.007150244080291359,0.0,0.0,-2.416681290739764,0.0,0.007150244080291359,0.0,-0.8541414865758696,0.0,0.0,0.007150244080291359,-0.13691113430739785],"timepoint":0}

2.
{"normalizedAffine":[0.010468672357954588,0.0,0.0,-3.56754762281576,0.0,0.010468672357954588,0.0,-1.327822890395245,0.0,0.0,0.010468672357954588,-0.22343213861446132],"timepoint":0}
{"normalizedAffine":[0.010468672357954588,0.0,0.0,-3.56754762281576,0.0,0.010468672357954588,0.0,-1.327822890395245,0.0,0.0,0.010468672357954588,-0.22421338861446133],"timepoint":0}

3.
{"normalizedAffine":[0.011515539593750072,0.0,0.0,-3.9950247484278685,0.0,0.011515539593750072,0.0,-1.1407425438320038,0.0,0.0,0.011515539593750072,-0.2537821493509082],"timepoint":0}

4.
{"normalizedAffine":[0.015327183199281344,0.0,0.0,-5.139452710810903,0.0,0.015327183199281344,0.0,-2.034683152743806,0.0,0.0,0.015327183199281344,-0.33778404078605884],"timepoint":0}
{"normalizedAffine":[0.015327183199281344,0.0,0.0,-5.095702710810903,0.0,0.015327183199281344,0.0,-2.1042144027438057,0.0,0.0,0.015327183199281344,-0.33778404078605884],"timepoint":0}

5.
{"normalizedAffine":[0.01685990151920948,0.0,0.0,-5.966132356891993,0.0,0.01685990151920948,0.0,-1.5999483430181862,0.0,0.0,0.01685990151920948,-0.3707811948646648],"timepoint":0}

6.
{"normalizedAffine":[0.016859901519209516,0.0,0.0,-5.598228973801369,0.0,0.016859901519209516,0.0,-1.7536933581332033,0.0,0.0,0.016859901519209516,-0.39318729928587853],"timepoint":0}
{"normalizedAffine":[0.016859901519209516,0.0,0.0,-5.746666473801369,0.0,0.016859901519209516,0.0,-2.0021308581332034,0.0,0.0,0.016859901519209516,-0.39318729928587853],"timepoint":0}
{"normalizedAffine":[0.016859901519209516,0.0,0.0,-5.891197723801369,0.0,0.016859901519209516,0.0,-2.3013496081332034,0.0,0.0,0.016859901519209516,-0.39318729928587853],"timepoint":0}
{"normalizedAffine":[0.016859901519209516,0.0,0.0,-5.303697723801369,0.0,0.016859901519209516,0.0,-1.8872871081332034,0.0,0.0,0.016859901519209516,-0.39318729928587853],"timepoint":0}
{"normalizedAffine":[0.016859901519209516,0.0,0.0,-5.91307272380137,0.0,0.016859901519209516,0.0,-1.8974433581332038,0.0,0.0,0.016859901519209516,-0.3931872992858785],"timepoint":0}

7.
{"normalizedAffine":[0.02715303999570213,0.0,0.0,-9.517068744596846,0.0,0.02715303999570213,0.0,-3.7157626120821075,0.0,0.0,0.02715303999570213,-0.6344902883104004],"timepoint":0}
{"normalizedAffine":[0.018545891671130476,0.0,0.0,-6.236223508194008,0.0,0.018545891671130476,0.0,-1.8793221109945408,0.0,0.0,0.018545891671130476,-0.4333654042144665],"timepoint":0}
{"normalizedAffine":[0.018545891671130476,0.0,0.0,-6.207317258194007,0.0,0.018545891671130476,0.0,-2.123853360994541,0.0,0.0,0.018545891671130476,-0.4333654042144665],"timepoint":0}
{"normalizedAffine":[0.018545891671130476,0.0,0.0,-6.090911008194007,0.0,0.018545891671130476,0.0,-2.481665860994541,0.0,0.0,0.018545891671130476,-0.4333654042144665],"timepoint":0}

8.
{"normalizedAffine":[0.01685990151920953,0.0,0.0,-5.507732322689156,0.0,0.01685990151920953,0.0,-1.7037105807933335,0.0,0.0,0.01685990151920953,-0.4359877617546287],"timepoint":0}
{"normalizedAffine":[0.013933802908437626,0.0,0.0,-4.631532394784426,0.0,0.013933802908437626,0.0,-1.4674002733829201,0.0,0.0,0.013933802908437626,-0.36032046426002373],"timepoint":0}

9.
{"normalizedAffine":[0.03285517839479965,0.0,0.0,-10.328806103891052,0.0,0.03285517839479965,0.0,-4.491526222791464,0.0,0.0,0.03285517839479965,-0.9733321821940119],"timepoint":0}
{"normalizedAffine":[0.03285517839479965,0.0,0.0,-10.613962353891052,0.0,0.03285517839479965,0.0,-4.500119972791464,0.0,0.0,0.03285517839479965,-0.9733321821940119],"timepoint":0}

10.
{"normalizedAffine":[0.016859901519209557,0.0,0.0,-5.536864891833863,0.0,0.016859901519209557,0.0,-1.652840654725393,0.0,0.0,0.016859901519209557,-0.5305877182359718],"timepoint":0}
{"normalizedAffine":[0.016859901519209557,0.0,0.0,-5.536864891833863,0.0,0.016859901519209557,0.0,-1.652840654725393,0.0,0.0,0.016859901519209557,-0.5305877182359718],"timepoint":0}

11.
{"normalizedAffine":[0.022440528922067923,0.0,0.0,-7.129749063795853,0.0,0.022440528922067923,0.0,-2.71584037223971,0.0,0.0,0.022440528922067923,-0.7421695059152119],"timepoint":0}

12.
{"normalizedAffine":[0.0071502440802914185,0.0,0.0,-2.4422004974084945,0.0,0.0071502440802914185,0.0,-0.8441340260483466,0.0,0.0,0.0071502440802914185,-0.24147166727671554],"timepoint":0}
{"normalizedAffine":[0.0071502440802914185,0.0,0.0,-2.4422004974084945,0.0,0.0071502440802914185,0.0,-0.8441340260483466,0.0,0.0,0.0071502440802914185,-0.24147166727671554],"timepoint":0}

13.
{"normalizedAffine":[0.007865268488320564,0.0,0.0,-2.6947128932074254,0.0,0.007865268488320564,0.0,-0.9534094725476626,0.0,0.0,0.007865268488320564,-0.26975945900438714],"timepoint":0}
{"normalizedAffine":[0.013933802908437676,0.0,0.0,-4.553535767803442,0.0,0.013933802908437676,0.0,-1.4132417885960107,0.0,0.0,0.013933802908437676,-0.47789533695327135],"timepoint":0}
{"normalizedAffine":[0.013933802908437676,0.0,0.0,-4.650410767803442,0.0,0.013933802908437676,0.0,-1.7382417885960106,0.0,0.0,0.013933802908437676,-0.47789533695327135],"timepoint":0}

14.
{"normalizedAffine":[0.015327183199281431,0.0,0.0,-4.966779736817005,0.0,0.015327183199281431,0.0,-1.6669779437527812,0.0,0.0,0.015327183199281431,-0.5154411159217634],"timepoint":0}
{"normalizedAffine":[0.015327183199281428,0.0,0.0,-5.041779736817004,0.0,0.015327183199281428,0.0,-1.730259193752781,0.0,0.0,0.015327183199281428,-0.5154411159217633],"timepoint":0}
{"normalizedAffine":[0.020400480838243584,0.0,0.0,-6.867157267203435,0.0,0.020400480838243584,0.0,-2.467736705634952,0.0,0.0,0.020400480838243584,-0.6860521252918672],"timepoint":0}
{"normalizedAffine":[0.020400480838243584,0.0,0.0,-7.109344767203435,0.0,0.020400480838243584,0.0,-2.190392955634952,0.0,0.0,0.020400480838243584,-0.6860521252918672],"timepoint":0}
{"normalizedAffine":[0.020400480838243584,0.0,0.0,-7.260126017203435,0.0,0.020400480838243584,0.0,-2.918517955634952,0.0,0.0,0.020400480838243584,-0.6860521252918672],"timepoint":0}
{"normalizedAffine":[0.020400480838243584,0.0,0.0,-6.989032267203434,0.0,0.020400480838243584,0.0,-2.9114867056349523,0.0,0.0,0.020400480838243584,-0.6860521252918672],"timepoint":0}

15.
{"normalizedAffine":[0.029868343995272467,0.0,0.0,-9.45927066857082,0.0,0.029868343995272467,0.0,-3.5500596902982,0.0,0.0,0.029868343995272467,-0.9875336092165399],"timepoint":0}

16.
{"normalizedAffine":[0.04373024244347931,0.0,0.0,-13.746737006941167,0.0,0.04373024244347931,0.0,-4.69182785973895,0.0,0.0,0.04373024244347931,-0.8466423799885592],"timepoint":0}
{"normalizedAffine":[0.04373024244347931,0.0,0.0,-13.746737006941167,0.0,0.04373024244347931,0.0,-4.69182785973895,0.0,0.0,0.04373024244347931,-0.8474236299885591],"timepoint":0}
{"normalizedAffine":[0.04373024244347931,0.0,0.0,-13.746737006941167,0.0,0.04373024244347931,0.0,-4.69182785973895,0.0,0.0,0.04373024244347931,-0.8458611299885592],"timepoint":0}

17.
{"normalizedAffine":[0.007865268488320564,0.0,0.0,-2.690025393207425,0.0,0.007865268488320564,0.0,-0.9432532225476626,0.0,0.0,0.007865268488320564,-0.30491570900438714],"timepoint":0}
{"normalizedAffine":[0.015327183199281441,0.0,0.0,-5.078817233177536,0.0,0.015327183199281441,0.0,-1.6154774344087368,0.0,0.0,0.015327183199281441,-0.5941944561954735],"timepoint":0}
{"normalizedAffine":[0.015327183199281441,0.0,0.0,-5.345223483177536,0.0,0.015327183199281441,0.0,-1.874071184408737,0.0,0.0,0.015327183199281441,-0.5941944561954735],"timepoint":0}
{"normalizedAffine":[0.015327183199281441,0.0,0.0,-5.412410983177536,0.0,0.015327183199281441,0.0,-2.0115711844087367,0.0,0.0,0.015327183199281441,-0.5941944561954735],"timepoint":0}

18.
{"normalizedAffine":[0.022440528922067965,0.0,0.0,-7.229573856972738,0.0,0.02244052892206797,-2.385244779468111E-19,-2.950681825866734,0.0,2.385244779468111E-19,0.02244052892206797,-0.9661561202350284],"timepoint":0}
{"normalizedAffine":[0.022440528922067965,0.0,0.0,-7.232698856972738,0.0,0.02244052892206797,-2.385244779468111E-19,-2.764744325866734,0.0,2.385244779468111E-19,0.02244052892206797,-0.9661561202350284],"timepoint":0}

19.
{"normalizedAffine":[0.007865268488320566,0.0,0.0,-2.605831688125657,0.0,0.007865268488320578,-8.360137439734126E-20,-0.9261735971263527,0.0,8.360137439734126E-20,0.007865268488320578,-0.343022037280405],"timepoint":0}
{"normalizedAffine":[0.007865268488320566,0.0,0.0,-2.605831688125657,0.0,0.007865268488320578,-8.360137439734126E-20,-0.9261735971263527,0.0,8.360137439734126E-20,0.007865268488320578,-0.343022037280405],"timepoint":0}

20.
{"normalizedAffine":[0.015327183199281445,0.0,0.0,-5.199402973731713,0.0,0.01532718319928147,-1.6291542787160116E-19,-1.7598382991011352,0.0,1.6291542787160116E-19,0.01532718319928147,-0.6989016144126632],"timepoint":0}
{"normalizedAffine":[0.015327183199281445,0.0,0.0,-5.321277973731713,0.0,0.01532718319928147,-1.6291542787160116E-19,-1.8614007991011352,0.0,1.6291542787160116E-19,0.01532718319928147,-0.6989016144126632],"timepoint":0}

21.
{"normalizedAffine":[0.007865268488320566,0.0,0.0,-2.661911079608715,0.0,0.007865268488320584,-8.360137439734126E-20,-0.9474184645348904,0.0,8.360137439734126E-20,0.007865268488320584,-0.3656782872804052],"timepoint":0}
{"normalizedAffine":[0.013933802908437676,0.0,0.0,-4.736050354102697,0.0,0.013933802908437707,-1.4810493442872833E-19,-1.8276283524498962,0.0,1.4810493442872833E-19,0.013933802908437707,-0.6478213922927623],"timepoint":0}
{"normalizedAffine":[0.013933802908437676,0.0,0.0,-4.702456604102697,0.0,0.013933802908437707,-1.4810493442872833E-19,-1.9440346024498962,0.0,1.4810493442872833E-19,0.013933802908437707,-0.6478213922927623],"timepoint":0}

22.
{"normalizedAffine":[0.015327183199281622,0.0,-4.2541479226225814E-19,-5.177819301178351,0.0,0.015327183199281622,0.0,-1.749998150185779,4.2541479226225814E-19,0.0,0.015327183199281622,-0.622081352122631],"timepoint":0}
{"normalizedAffine":[0.015327183199281622,0.0,-4.2541479226225814E-19,-5.177819301178351,0.0,0.015327183199281622,0.0,-1.749998150185779,4.2541479226225814E-19,0.0,0.015327183199281622,-0.622081352122631],"timepoint":0}
{"normalizedAffine":[0.02244052892206823,0.0,-6.228497973511723E-19,-7.629533129480226,0.0,0.02244052892206823,0.0,-3.1102163541870005,6.228497973511723E-19,0.0,0.02244052892206823,-0.9107893076427444],"timepoint":0}
{"normalizedAffine":[0.02244052892206823,0.0,-6.228497973511723E-19,-7.629533129480226,0.0,0.02244052892206823,0.0,-3.1102163541870005,6.228497973511723E-19,0.0,0.02244052892206823,-0.9107893076427444],"timepoint":0}
{"normalizedAffine":[0.024684581814275054,0.0,-6.851347770862896E-19,-8.74223824498508,0.0,0.024684581814275054,0.0,-3.520105171230188,6.851347770862896E-19,0.0,0.024684581814275054,-1.00225065246952],"timepoint":0}

23.
{"normalizedAffine":[0.015327183199281622,0.0,-4.2541479226225814E-19,-5.021190779655092,0.0,0.015327183199281622,0.0,-1.835730471702628,4.2541479226225814E-19,0.0,0.015327183199281622,-0.6131380864800721],"timepoint":0}
{"normalizedAffine":[0.024684581814275054,0.0,-6.851347770862896E-19,-8.192367681292325,0.0,0.024684581814275054,0.0,-2.2870940632317995,6.851347770862896E-19,0.0,0.024684581814275054,-0.9874650196570212],"timepoint":0}
{"normalizedAffine":[0.024684581814275054,0.0,-6.851347770862896E-19,-8.785336431292325,0.0,0.024684581814275054,0.0,-2.3652190632317995,6.851347770862896E-19,0.0,0.024684581814275054,-0.9874650196570212],"timepoint":0}

24.
{"normalizedAffine":[0.06402544796149688,0.0,0.0,-19.730415315541293,0.0,0.06402544796149688,0.0,-8.043564970125718,0.0,0.0,0.06402544796149688,-2.9259172052438776],"timepoint":0}
{"normalizedAffine":[0.06402544796149688,0.0,0.0,-19.730415315541293,0.0,0.06402544796149688,0.0,-8.043564970125718,0.0,0.0,0.06402544796149688,-2.925135955243878],"timepoint":0}
{"normalizedAffine":[0.06402544796149688,0.0,0.0,-19.730415315541293,0.0,0.06402544796149688,0.0,-8.043564970125718,0.0,0.0,0.06402544796149688,-2.9243547052438776],"timepoint":0}
{"normalizedAffine":[0.06402544796149688,0.0,0.0,-19.730415315541293,0.0,0.06402544796149688,0.0,-8.043564970125718,0.0,0.0,0.06402544796149688,-2.9235734552438775],"timepoint":0}

25.
{"normalizedAffine":[0.027153039995702108,0.0,0.0,-8.573862618107718,0.0,0.027153039995702108,0.0,-2.6959479216487408,0.0,0.0,0.027153039995702108,-0.981479858641637],"timepoint":0}
{"normalizedAffine":[0.027153039995702108,0.0,0.0,-8.573862618107718,0.0,0.027153039995702108,0.0,-2.6959479216487408,0.0,0.0,0.027153039995702108,-0.982261108641637],"timepoint":0}

26.
{"normalizedAffine":[0.036140696234279984,0.0,0.0,-11.456817184741844,0.0,0.036140696234279984,0.0,-4.890904329519601,0.0,0.0,0.036140696234279984,-1.0707841030376197],"timepoint":0}
{"normalizedAffine":[0.036140696234279984,0.0,0.0,-11.653692184741844,0.0,0.036140696234279984,0.0,-4.882310579519601,0.0,0.0,0.036140696234279984,-1.0707841030376197],"timepoint":0}
{"normalizedAffine":[0.036140696234279984,0.0,0.0,-11.456817184741844,0.0,0.036140696234279984,0.0,-4.890904329519601,0.0,0.0,0.036140696234279984,-1.07156535303762],"timepoint":0}
{"normalizedAffine":[0.036140696234279984,0.0,0.0,-11.633379684741845,0.0,0.036140696234279984,0.0,-4.901060579519601,0.0,0.0,0.036140696234279984,-1.07156535303762],"timepoint":0}


B) small dark shapes 
1.
{"normalizedAffine":[0.029868343995272297,0.0,0.0,-9.489882793854825,0.0,0.029868343995272297,0.0,-4.118988336819164,0.0,0.0,0.029868343995272297,-0.6589086467273857],"timepoint":0}
{"normalizedAffine":[0.029868343995272297,0.0,0.0,-9.489882793854825,0.0,0.029868343995272297,0.0,-4.118988336819164,0.0,0.0,0.029868343995272297,-0.6596898967273858],"timepoint":0}

2.
{"normalizedAffine":[0.032855178394799664,0.0,0.0,-10.415524266765576,0.0,0.032855178394799664,0.0,-3.4103596346110914,0.0,0.0,0.032855178394799664,-1.0092304086499284],"timepoint":0}

3.
{"normalizedAffine":[0.04373024244347836,0.0,0.0,-14.878034296053247,0.0,0.04373024244347836,0.0,-6.303609908150833,0.0,0.0,0.04373024244347836,-1.4625241580359238],"timepoint":0}
{"normalizedAffine":[0.04373024244347836,0.0,0.0,-14.878034296053247,0.0,0.04373024244347836,0.0,-6.303609908150833,0.0,0.0,0.04373024244347836,-1.4625241580359238],"timepoint":0}
{"normalizedAffine":[0.04373024244347836,0.0,0.0,-14.878034296053247,0.0,0.04373024244347836,0.0,-6.303609908150833,0.0,0.0,0.04373024244347836,-1.4633054080359238],"timepoint":0}
{"normalizedAffine":[0.04373024244347836,0.0,0.0,-14.878034296053247,0.0,0.04373024244347836,0.0,-6.303609908150833,0.0,0.0,0.04373024244347836,-1.4640866580359237],"timepoint":0}
{"normalizedAffine":[0.04373024244347836,0.0,0.0,-14.878034296053247,0.0,0.04373024244347836,0.0,-6.303609908150833,0.0,0.0,0.04373024244347836,-1.4648679080359237],"timepoint":0}

4.
{"normalizedAffine":[0.04373024244347931,0.0,0.0,-13.82642450694117,0.0,0.04373024244347931,0.0,-4.60979660973895,0.0,0.0,0.04373024244347931,-0.8489861299885594],"timepoint":0}
{"normalizedAffine":[0.04373024244347931,0.0,0.0,-13.82564325694117,0.0,0.04373024244347931,0.0,-4.60979660973895,0.0,0.0,0.04373024244347931,-0.8482048799885593],"timepoint":0}

5.
{"normalizedAffine":[0.0204004808382436,0.0,0.0,-6.61128432919399,0.0,0.020400480838243605,-2.1684043449710089E-19,-2.3970044529912338,0.0,2.1684043449710089E-19,0.020400480838243605,-0.8719272730743008],"timepoint":0}
{"normalizedAffine":[0.0204004808382436,0.0,0.0,-6.61128432919399,0.0,0.020400480838243605,-2.1684043449710089E-19,-2.3970044529912338,0.0,2.1684043449710089E-19,0.020400480838243605,-0.8727085230743008],"timepoint":0}
{"normalizedAffine":[0.0204004808382436,0.0,0.0,-6.61362807919399,0.0,0.020400480838243605,-2.1684043449710089E-19,-2.3907544529912337,0.0,2.1684043449710089E-19,0.020400480838243605,-0.8734897730743008],"timepoint":0}
{"normalizedAffine":[0.0204004808382436,0.0,0.0,-6.61362807919399,0.0,0.020400480838243605,-2.1684043449710089E-19,-2.3907544529912337,0.0,2.1684043449710089E-19,0.020400480838243605,-0.8742710230743008],"timepoint":0}
{"normalizedAffine":[0.024684581814274763,0.0,0.0,-7.987413935251242,0.0,0.02468458181427478,-2.623769257414924E-19,-2.8481068666702534,0.0,2.623769257414924E-19,0.02468458181427478,-1.067740051302845],"timepoint":0}
{"normalizedAffine":[0.024684581814274763,0.0,0.0,-7.987413935251242,0.0,0.02468458181427478,-2.623769257414924E-19,-2.8481068666702534,0.0,2.623769257414924E-19,0.02468458181427478,-1.0693025513028451],"timepoint":0}
{"normalizedAffine":[0.024684581814274763,0.0,0.0,-7.987413935251242,0.0,0.02468458181427478,-2.623769257414924E-19,-2.8481068666702534,0.0,2.623769257414924E-19,0.02468458181427478,-1.070083801302845],"timepoint":0}
{"normalizedAffine":[0.024684581814274763,0.0,0.0,-7.987413935251242,0.0,0.02468458181427478,-2.623769257414924E-19,-2.8481068666702534,0.0,2.623769257414924E-19,0.02468458181427478,-1.0607088013028452],"timepoint":0}
{"normalizedAffine":[0.024684581814274763,0.0,0.0,-7.987413935251242,0.0,0.02468458181427478,-2.623769257414924E-19,-2.8481068666702534,0.0,2.623769257414924E-19,0.02468458181427478,-1.0732088013028451],"timepoint":0}
{"normalizedAffine":[0.02986834399527249,0.0,0.0,-9.645361229647024,0.0,0.029868343995272557,-3.1747608014720617E-19,-3.453853647748847,0.0,3.1747608014720617E-19,0.029868343995272557,-1.3970629047234286],"timepoint":0}

6.
{"normalizedAffine":[0.039754765857707916,0.0,0.0,-12.702059892103861,0.0,0.039754765857707985,-4.225606626759338E-19,-4.939370735386737,0.0,4.225606626759338E-19,0.039754765857707985,-1.787382516145128],"timepoint":0}
{"normalizedAffine":[0.039754765857707916,0.0,0.0,-12.702059892103861,0.0,0.039754765857707985,-4.225606626759338E-19,-4.939370735386737,0.0,4.225606626759338E-19,0.039754765857707985,-1.788163766145128],"timepoint":0}
{"normalizedAffine":[0.039754765857707916,0.0,0.0,-12.702059892103861,0.0,0.039754765857707985,-4.225606626759338E-19,-4.939370735386737,0.0,4.225606626759338E-19,0.039754765857707985,-1.788163766145128],"timepoint":0}

7.
{"normalizedAffine":[0.0582049526922702,0.0,0.0,-18.442483163646607,0.0,0.05820495269227031,-6.186710662238352E-19,-8.485109943853137,0.0,6.186710662238352E-19,0.05820495269227031,-2.6108591194244575],"timepoint":0}
{"normalizedAffine":[0.0582049526922702,0.0,0.0,-18.442483163646607,0.0,0.05820495269227031,-6.186710662238352E-19,-8.485109943853137,0.0,6.186710662238352E-19,0.05820495269227031,-2.6132028694244576],"timepoint":0}
{"normalizedAffine":[0.0582049526922702,0.0,0.0,-18.442483163646607,0.0,0.05820495269227031,-6.186710662238352E-19,-8.485109943853137,0.0,6.186710662238352E-19,0.05820495269227031,-2.612421619424458],"timepoint":0}
{"normalizedAffine":[0.0582049526922702,0.0,0.0,-18.442483163646607,0.0,0.05820495269227031,-6.186710662238352E-19,-8.485109943853137,0.0,6.186710662238352E-19,0.05820495269227031,-2.6116403694244577],"timepoint":0}
{"normalizedAffine":[0.0582049526922702,0.0,0.0,-18.442483163646607,0.0,0.05820495269227031,-6.186710662238352E-19,-8.485109943853137,0.0,6.186710662238352E-19,0.05820495269227031,-2.6100778694244577],"timepoint":0}
{"normalizedAffine":[0.0582049526922702,0.0,0.0,-18.442483163646607,0.0,0.05820495269227031,-6.186710662238352E-19,-8.485109943853137,0.0,6.186710662238352E-19,0.05820495269227031,-2.6092966194244576],"timepoint":0}

8.
{"normalizedAffine":[0.05291359335660933,0.0,0.0,-16.867063675706422,0.0,0.052913593356609424,-5.62428242021669E-19,-6.888573652121032,0.0,5.62428242021669E-19,0.052913593356609424,-2.369858597331753],"timepoint":0}
{"normalizedAffine":[0.05291359335660933,0.0,0.0,-16.867063675706422,0.0,0.052913593356609424,-5.62428242021669E-19,-6.888573652121032,0.0,5.62428242021669E-19,0.052913593356609424,-2.3706398473317534],"timepoint":0}
{"normalizedAffine":[0.05291359335660933,0.0,0.0,-16.867063675706422,0.0,0.052913593356609424,-5.62428242021669E-19,-6.888573652121032,0.0,5.62428242021669E-19,0.052913593356609424,-2.371421097331753],"timepoint":0}

9.
{"normalizedAffine":[0.036140696234280005,0.0,0.0,-11.662828815381918,0.0,0.03614069623428006,-3.8414605697812253E-19,-5.1952971269013775,0.0,3.8414605697812253E-19,0.03614069623428006,-1.5914422795470795],"timepoint":0}
{"normalizedAffine":[0.036140696234280005,0.0,0.0,-11.662828815381918,0.0,0.03614069623428006,-3.8414605697812253E-19,-5.1952971269013775,0.0,3.8414605697812253E-19,0.03614069623428006,-1.5922235295470795],"timepoint":0}

10.
{"normalizedAffine":[0.04373024244347886,0.0,0.0,-13.92571506640135,0.0,0.04373024244347892,-4.648167289435286E-19,-4.265952093957795,0.0,4.648167289435286E-19,0.04373024244347892,-1.881518076502102],"timepoint":0}
{"normalizedAffine":[0.04373024244347886,0.0,0.0,-13.92571506640135,0.0,0.04373024244347892,-4.648167289435286E-19,-4.265952093957795,0.0,4.648167289435286E-19,0.04373024244347892,-1.882299326502102],"timepoint":0}

11.
{"normalizedAffine":[0.03614069623427934,0.0,0.0,-11.408909448304774,0.0,0.03614069623427934,0.0,-3.9925445950325997,0.0,0.0,0.03614069623427934,-1.4023219290248403],"timepoint":0}

12.
{"normalizedAffine":[0.024684581814274652,0.0,0.0,-7.9482956265467966,0.0,0.024684581814274652,0.0,-2.7197320026352187,0.0,0.0,0.024684581814274652,-0.8841571676571702],"timepoint":0}
{"normalizedAffine":[0.024684581814274652,0.0,0.0,-7.9482956265467966,0.0,0.024684581814274652,0.0,-2.7197320026352187,0.0,0.0,0.024684581814274652,-0.8833759176571703],"timepoint":0}

13.
{"normalizedAffine":[0.03975476585770751,0.0,0.0,-12.582456491622223,0.0,0.03975476585770751,0.0,-5.407240420432576,0.0,0.0,0.03975476585770751,-1.391032118754254],"timepoint":0}
{"normalizedAffine":[0.03975476585770751,0.0,0.0,-12.582456491622223,0.0,0.03975476585770751,0.0,-5.407240420432576,0.0,0.0,0.03975476585770751,-1.391813368754254],"timepoint":0}

14.
{"normalizedAffine":[0.04810326668782612,0.0,0.0,-15.306551462960323,0.0,0.04810326668782612,0.0,-5.228793862789502,0.0,0.0,0.04810326668782612,-1.6773482352204292],"timepoint":0}
{"normalizedAffine":[0.04810326668782612,0.0,0.0,-15.306551462960323,0.0,0.04810326668782612,0.0,-5.228793862789502,0.0,0.0,0.04810326668782612,-1.6781294852204292],"timepoint":0}

15.
{"normalizedAffine":[0.0397547658577076,0.0,0.0,-13.435646003822269,0.0,0.0397547658577076,0.0,-5.75988406103226,0.0,0.0,0.0397547658577076,-1.373220668144258],"timepoint":0}
{"normalizedAffine":[0.0397547658577076,0.0,0.0,-13.435646003822269,0.0,0.0397547658577076,0.0,-5.75988406103226,0.0,0.0,0.0397547658577076,-1.3740019181442582],"timepoint":0}

16.
{"normalizedAffine":[0.03975476585770764,0.0,0.0,-12.610751380464945,0.0,0.03975476585770764,0.0,-4.247115075569479,0.0,0.0,0.03975476585770764,-1.3267897015628392],"timepoint":0}
{"normalizedAffine":[0.03975476585770764,0.0,0.0,-12.610751380464945,0.0,0.03975476585770764,0.0,-4.247115075569479,0.0,0.0,0.03975476585770764,-1.3260084515628392],"timepoint":0}

17.
{"normalizedAffine":[0.029868343995272457,0.0,0.0,-9.537796393805193,0.0,0.029868343995272457,0.0,-3.123757779360698,0.0,0.0,0.029868343995272457,-0.9928821649196646],"timepoint":0}

18.
{"normalizedAffine":[0.03285517839479988,0.0,0.0,-10.420410757379724,0.0,0.03285517839479988,0.0,-3.343920028250679,0.0,0.0,0.03285517839479988,-1.0369993775011932],"timepoint":0}

19.
{"normalizedAffine":[0.043730242443478715,0.0,0.0,-13.962294008026731,0.0,0.043730242443478715,0.0,-4.35013005398067,0.0,0.0,0.043730242443478715,-1.3665447995565292],"timepoint":0}
{"normalizedAffine":[0.043730242443478715,0.0,0.0,-13.962294008026731,0.0,0.043730242443478715,0.0,-4.35013005398067,0.0,0.0,0.043730242443478715,-1.3657635495565292],"timepoint":0}

20.
{"normalizedAffine":[0.03285517839479996,0.0,0.0,-10.369264807664237,0.0,0.03285517839479996,0.0,-4.3217109735340085,0.0,0.0,0.03285517839479996,-0.9907139070363296],"timepoint":0}
{"normalizedAffine":[0.03285517839479996,0.0,0.0,-10.369264807664237,0.0,0.03285517839479996,0.0,-4.3217109735340085,0.0,0.0,0.03285517839479996,-0.9914951570363295],"timepoint":0}

21.
{"normalizedAffine":[0.0481032666878267,0.0,0.0,-15.154083899583322,0.0,0.0481032666878267,0.0,-6.986483173520189,0.0,0.0,0.0481032666878267,-1.4145891084584843],"timepoint":0}
{"normalizedAffine":[0.0481032666878267,0.0,0.0,-15.154083899583322,0.0,0.0481032666878267,0.0,-6.986483173520189,0.0,0.0,0.0481032666878267,-1.4138078584584841],"timepoint":0}

22.
{"normalizedAffine":[0.05291359335660944,0.0,0.0,-16.673810866290697,0.0,0.05291359335660944,0.0,-4.908522623238964,0.0,0.0,0.05291359335660944,-1.5368754411686856],"timepoint":0}
{"normalizedAffine":[0.05291359335660944,0.0,0.0,-16.673810866290697,0.0,0.05291359335660944,0.0,-4.908522623238964,0.0,0.0,0.05291359335660944,-1.5376566911686855],"timepoint":0}
{"normalizedAffine":[0.05291359335660944,0.0,0.0,-16.673810866290697,0.0,0.05291359335660944,0.0,-4.908522623238964,0.0,0.0,0.05291359335660944,-1.5360941911686856],"timepoint":0}
{"normalizedAffine":[0.05291359335660944,0.0,0.0,-16.682404616290697,0.0,0.05291359335660944,0.0,-5.053053873238964,0.0,0.0,0.05291359335660944,-1.5314066911686854],"timepoint":0}
{"normalizedAffine":[0.05291359335660944,0.0,0.0,-16.682404616290697,0.0,0.05291359335660944,0.0,-5.053053873238964,0.0,0.0,0.05291359335660944,-1.5321879411686856],"timepoint":0}
{"normalizedAffine":[0.05291359335660944,0.0,0.0,-16.682404616290697,0.0,0.05291359335660944,0.0,-5.053053873238964,0.0,0.0,0.05291359335660944,-1.5329691911686856],"timepoint":0}

23.
{"normalizedAffine":[0.022440528922068197,0.0,0.0,-7.130458769620032,0.0,0.022440528922068197,0.0,-2.281331160023504,0.0,0.0,0.022440528922068197,-0.6470284249023873],"timepoint":0}

24.
{"normalizedAffine":[0.036140696234280095,0.0,0.0,-11.367686366854224,0.0,0.036140696234280095,0.0,-4.3330589309691785,0.0,0.0,0.036140696234280095,-1.0134388677588457],"timepoint":0}

25.
{"normalizedAffine":[0.03614069623428011,0.0,0.0,-11.467564617289383,0.0,0.03614069623428011,0.0,-3.53604087820668,0.0,0.0,0.03614069623428011,-1.0087147307416584],"timepoint":0}
{"normalizedAffine":[0.03614069623428011,0.0,0.0,-11.467564617289383,0.0,0.03614069623428011,0.0,-3.53604087820668,0.0,0.0,0.03614069623428011,-1.0094959807416584],"timepoint":0}

26.
{"normalizedAffine":[0.07042799275764741,0.0,0.0,-22.125915998815035,0.0,0.07042799275764741,0.0,-7.263191447498123,0.0,0.0,0.07042799275764741,-1.6808213916758121],"timepoint":0}
{"normalizedAffine":[0.07042799275764741,0.0,0.0,-22.125915998815035,0.0,0.07042799275764741,0.0,-7.263191447498123,0.0,0.0,0.07042799275764741,-1.681602641675812],"timepoint":0}
{"normalizedAffine":[0.07042799275764741,0.0,0.0,-22.125915998815035,0.0,0.07042799275764741,0.0,-7.263191447498123,0.0,0.0,0.07042799275764741,-1.682383891675812],"timepoint":0}
{"normalizedAffine":[0.07042799275764741,0.0,0.0,-22.125915998815035,0.0,0.07042799275764741,0.0,-7.263191447498123,0.0,0.0,0.07042799275764741,-1.6831651416758122],"timepoint":0}
{"normalizedAffine":[0.07042799275764741,0.0,0.0,-22.358728498815037,0.0,0.07042799275764741,0.0,-7.174128947498123,0.0,0.0,0.07042799275764741,-1.6808213916758121],"timepoint":0}
{"normalizedAffine":[0.07042799275764741,0.0,0.0,-22.358728498815037,0.0,0.07042799275764741,0.0,-7.174128947498123,0.0,0.0,0.07042799275764741,-1.681602641675812],"timepoint":0}
{"normalizedAffine":[0.07042799275764741,0.0,0.0,-22.359509748815036,0.0,0.07042799275764741,0.0,-7.174128947498123,0.0,0.0,0.07042799275764741,-1.682383891675812],"timepoint":0}
{"normalizedAffine":[0.07042799275764741,0.0,0.0,-22.359509748815036,0.0,0.07042799275764741,0.0,-7.174128947498123,0.0,0.0,0.07042799275764741,-1.6831651416758122],"timepoint":0}

27.
{"normalizedAffine":[0.0361406962342803,0.0,0.0,-11.538108650715289,0.0,0.0361406962342803,0.0,-5.090590045158411,0.0,0.0,0.0361406962342803,-0.8297640439635606],"timepoint":0}

28.
{"normalizedAffine":[0.029868343995272984,0.0,0.0,-10.554477484070041,0.0,0.029868343995272984,0.0,-3.5010822361715945,0.0,0.0,0.029868343995272984,-0.6834517229999727],"timepoint":0}

29.
{"normalizedAffine":[0.029868343995272995,0.0,0.0,-9.441582500788794,0.0,0.029868343995272995,0.0,-4.171155925390347,0.0,0.0,0.029868343995272995,-0.671272241124973],"timepoint":0}

30.
{"normalizedAffine":[0.029868343995273,0.0,0.0,-9.490298617741919,0.0,0.029868343995273,0.0,-4.061937133046598,0.0,0.0,0.029868343995273,-0.6590927592499733],"timepoint":0}
{"normalizedAffine":[0.029868343995273,0.0,0.0,-9.490298617741919,0.0,0.029868343995273,0.0,-4.061937133046598,0.0,0.0,0.029868343995273,-0.6598740092499734],"timepoint":0}

31.
{"normalizedAffine":[0.03975476585770839,0.0,0.0,-12.546614630922319,0.0,0.03975476585770839,0.0,-5.340701447937761,0.0,0.0,0.03975476585770839,-0.8471156368574184],"timepoint":0}
{"normalizedAffine":[0.03975476585770839,0.0,0.0,-12.546614630922319,0.0,0.03975476585770839,0.0,-5.340701447937761,0.0,0.0,0.03975476585770839,-0.8478968868574184],"timepoint":0}
{"normalizedAffine":[0.039754765857708416,0.0,0.0,-12.611512069518419,0.0,0.039754765857708416,0.0,-5.2957240629326385,0.0,0.0,0.039754765857708416,-0.8432093868574185],"timepoint":0}
{"normalizedAffine":[0.039754765857708416,0.0,0.0,-12.611512069518419,0.0,0.039754765857708416,0.0,-5.2957240629326385,0.0,0.0,0.039754765857708416,-0.8424281368574186],"timepoint":0}
{"normalizedAffine":[0.04373024244347931,0.0,0.0,-13.721774455643121,0.0,0.04373024244347931,0.0,-6.083980284117284,0.0,0.0,0.04373024244347931,-0.9124584272528949],"timepoint":0}
{"normalizedAffine":[0.04373024244347931,0.0,0.0,-13.721774455643121,0.0,0.04373024244347931,0.0,-6.083980284117284,0.0,0.0,0.04373024244347931,-0.913239677252895],"timepoint":0}

32.
{"normalizedAffine":[0.048103266687827245,0.0,0.0,-15.193518669528755,0.0,0.048103266687827245,0.0,-6.901813503963969,0.0,0.0,0.048103266687827245,-0.9858078426236795],"timepoint":0}
{"normalizedAffine":[0.048103266687827245,0.0,0.0,-15.193518669528755,0.0,0.048103266687827245,0.0,-6.901813503963969,0.0,0.0,0.048103266687827245,-0.9850265926236794],"timepoint":0}
{"normalizedAffine":[0.048103266687827245,0.0,0.0,-15.193518669528755,0.0,0.048103266687827245,0.0,-6.901813503963969,0.0,0.0,0.048103266687827245,-0.9842453426236795],"timepoint":0}
{"normalizedAffine":[0.03614069623428042,0.0,0.0,-11.450465264311978,0.0,0.03614069623428042,0.0,-5.2045470001320195,0.0,0.0,0.03614069623428042,-0.7341459390426295],"timepoint":0}
{"normalizedAffine":[0.03614069623428042,0.0,0.0,-11.450465264311978,0.0,0.03614069623428042,0.0,-5.2045470001320195,0.0,0.0,0.03614069623428042,-0.7325834390426295],"timepoint":0}
{"normalizedAffine":[0.03614069623428042,0.0,0.0,-11.452952261019796,0.0,0.03614069623428042,0.0,-5.115955764696084,0.0,0.0,0.03614069623428042,-0.7307412924090357],"timepoint":0}
{"normalizedAffine":[0.03614069623428042,0.0,0.0,-11.452952261019796,0.0,0.03614069623428042,0.0,-5.115955764696084,0.0,0.0,0.03614069623428042,-0.7299600424090358],"timepoint":0}

33.
{"normalizedAffine":[0.029868343995273067,0.0,0.0,-9.502989745846039,0.0,0.029868343995273067,0.0,-4.269145532312105,0.0,0.0,0.029868343995273067,-0.5950149249926174],"timepoint":0}

34.
{"normalizedAffine":[0.03614069623428042,0.0,0.0,-11.41401540275496,0.0,0.03614069623428042,0.0,-5.1220852136968675,0.0,0.0,0.03614069623428042,-0.6997044462715359],"timepoint":0}

35.
{"normalizedAffine":[0.04373024244347931,0.0,0.0,-14.110619498881505,0.0,0.04373024244347931,0.0,-6.12704740696536,0.0,0.0,0.04373024244347931,-0.8445696325619111],"timepoint":0}
{"normalizedAffine":[0.04373024244347931,0.0,0.0,-14.110619498881505,0.0,0.04373024244347931,0.0,-6.12704740696536,0.0,0.0,0.04373024244347931,-0.845350882561911],"timepoint":0}

36.
{"normalizedAffine":[0.029868343995273067,0.0,0.0,-9.472919250725923,0.0,0.029868343995273067,0.0,-4.073197232413882,0.0,0.0,0.029868343995273067,-0.5652065454195231],"timepoint":0}
{"normalizedAffine":[0.029868343995273067,0.0,0.0,-9.437763000725923,0.0,0.029868343995273067,0.0,-4.2380409824138825,0.0,0.0,0.029868343995273067,-0.565987795419523],"timepoint":0}
{"normalizedAffine":[0.029868343995273067,0.0,0.0,-9.437763000725923,0.0,0.029868343995273067,0.0,-4.2380409824138825,0.0,0.0,0.029868343995273067,-0.566769045419523],"timepoint":0}

37.
{"normalizedAffine":[0.03614069623428042,0.0,0.0,-11.372260949641648,0.0,0.03614069623428042,0.0,-5.120364567140333,0.0,0.0,0.03614069623428042,-0.659103657953717],"timepoint":0}
{"normalizedAffine":[0.03614069623428042,0.0,0.0,-11.372260949641648,0.0,0.03614069623428042,0.0,-5.120364567140333,0.0,0.0,0.03614069623428042,-0.659884907953717],"timepoint":0}

38.
{"normalizedAffine":[0.039754765857708464,0.0,0.0,-12.565953563167225,0.0,0.039754765857708464,0.0,-5.668880399878432,0.0,0.0,0.039754765857708464,-0.7221282874521359],"timepoint":0}
{"normalizedAffine":[0.039754765857708464,0.0,0.0,-12.565953563167225,0.0,0.039754765857708464,0.0,-5.668880399878432,0.0,0.0,0.039754765857708464,-0.7213470374521358],"timepoint":0}

39.
{"normalizedAffine":[0.039754765857708464,0.0,0.0,-12.567516063167226,0.0,0.039754765857708464,0.0,-5.367317899878433,0.0,0.0,0.039754765857708464,-0.7205657874521358],"timepoint":0}
{"normalizedAffine":[0.039754765857708464,0.0,0.0,-12.567516063167226,0.0,0.039754765857708464,0.0,-5.367317899878433,0.0,0.0,0.039754765857708464,-0.7197845374521359],"timepoint":0}

C) blurry shapes
1.
{"normalizedAffine":[0.02040048083824357,0.0,0.0,-6.594221474004684,0.0,0.02040048083824357,0.0,-2.049014482662805,0.0,0.0,0.02040048083824357,-0.6703801972228703],"timepoint":0}
{"normalizedAffine":[0.02040048083824357,0.0,0.0,-6.594221474004684,0.0,0.02040048083824357,0.0,-2.049014482662805,0.0,0.0,0.02040048083824357,-0.6711614472228704],"timepoint":0}

2.
{"normalizedAffine":[0.03285517839479978,0.0,0.0,-11.677803868762314,0.0,0.03285517839479984,-3.4922368816192713E-19,-4.294281608795044,0.0,3.4922368816192713E-19,0.03285517839479984,-1.499870339727023],"timepoint":0}
{"normalizedAffine":[0.04810326668782638,0.0,0.0,-17.160469363004914,0.0,0.048103266687826454,-5.112984018378778E-19,-6.479593172186828,0.0,5.112984018378778E-19,0.048103266687826454,-2.195960164394335],"timepoint":0}
{"normalizedAffine":[0.04810326668782638,0.0,0.0,-17.165938113004913,0.0,0.048103266687826454,-5.112984018378778E-19,-6.545218172186828,0.0,5.112984018378778E-19,0.048103266687826454,-2.195960164394335],"timepoint":0}
{"normalizedAffine":[0.04810326668782638,0.0,0.0,-17.165938113004913,0.0,0.048103266687826454,-5.112984018378778E-19,-6.545218172186828,0.0,5.112984018378778E-19,0.048103266687826454,-2.1951789143943348],"timepoint":0}
{"normalizedAffine":[0.04810326668782638,0.0,0.0,-17.158125613004913,0.0,0.048103266687826454,-5.112984018378778E-19,-6.3061556721868275,0.0,5.112984018378778E-19,0.048103266687826454,-2.1951789143943348],"timepoint":0}

3.
{"normalizedAffine":[0.02715303999570212,0.0,0.0,-9.187949010295233,0.0,0.02715303999570212,0.0,-3.8368314872737415,0.0,0.0,0.02715303999570212,-0.9694701023916373],"timepoint":0}
{"normalizedAffine":[0.02715303999570212,0.0,0.0,-9.187949010295233,0.0,0.02715303999570212,0.0,-3.8368314872737415,0.0,0.0,0.02715303999570212,-0.9702513523916374],"timepoint":0}

4.
{"normalizedAffine":[0.03285517839480009,0.0,-9.119143883018512E-19,-11.628236096583047,0.0,0.03285517839480009,0.0,-4.718438764452498,9.119143883018512E-19,0.0,0.03285517839480009,-1.3520202704134914],"timepoint":0}
{"normalizedAffine":[0.03285517839480009,0.0,-9.119143883018512E-19,-11.628236096583047,0.0,0.03285517839480009,0.0,-4.718438764452498,9.119143883018512E-19,0.0,0.03285517839480009,-1.3520202704134914],"timepoint":0}
{"normalizedAffine":[0.03285517839480009,0.0,-9.119143883018512E-19,-11.628236096583047,0.0,0.03285517839480009,0.0,-4.718438764452498,9.119143883018512E-19,0.0,0.03285517839480009,-1.3496765204134915],"timepoint":0}
{"normalizedAffine":[0.03285517839480009,0.0,-9.119143883018512E-19,-11.628236096583047,0.0,0.03285517839480009,0.0,-4.718438764452498,9.119143883018512E-19,0.0,0.03285517839480009,-1.3535827704134915],"timepoint":0}

5.
{"normalizedAffine":[0.03614069623427941,0.0,0.0,-11.396326671375007,0.0,0.03614069623427941,0.0,-3.8329742672933493,0.0,0.0,0.03614069623427941,-1.3262966024873482],"timepoint":0}
{"normalizedAffine":[0.03614069623427941,0.0,0.0,-11.426014171375007,0.0,0.03614069623427941,0.0,-3.340005517293349,0.0,0.0,0.03614069623427941,-1.3278591024873483],"timepoint":0}
{"normalizedAffine":[0.03614069623427941,0.0,0.0,-11.426014171375007,0.0,0.03614069623427941,0.0,-3.340005517293349,0.0,0.0,0.03614069623427941,-1.3286403524873482],"timepoint":0}
{"normalizedAffine":[0.03614069623427941,0.0,0.0,-11.420545421375007,0.0,0.03614069623427941,0.0,-3.7985992672933495,0.0,0.0,0.03614069623427941,-1.3262966024873482],"timepoint":0}

6.
{"normalizedAffine":[0.0361406962342796,0.0,0.0,-11.545561896871293,0.0,0.0361406962342796,0.0,-3.8136655836099003,0.0,0.0,0.0361406962342796,-1.2510058222192817],"timepoint":0}
{"normalizedAffine":[0.0361406962342796,0.0,0.0,-11.545561896871293,0.0,0.0361406962342796,0.0,-3.8136655836099003,0.0,0.0,0.0361406962342796,-1.2502245722192817],"timepoint":0}

7.
{"normalizedAffine":[0.04373024244347849,0.0,0.0,-13.785944631759273,0.0,0.04373024244347849,0.0,-4.486362874076568,0.0,0.0,0.04373024244347849,-1.4424751317022888],"timepoint":0}
{"normalizedAffine":[0.04373024244347849,0.0,0.0,-13.821100881759273,0.0,0.04373024244347849,0.0,-4.111362874076568,0.0,0.0,0.04373024244347849,-1.4432563817022888],"timepoint":0}
{"normalizedAffine":[0.04373024244347849,0.0,0.0,-13.821100881759273,0.0,0.04373024244347849,0.0,-4.111362874076568,0.0,0.0,0.04373024244347849,-1.4424751317022888],"timepoint":0}
{"normalizedAffine":[0.04373024244347849,0.0,0.0,-13.788288381759273,0.0,0.04373024244347849,0.0,-4.359800374076569,0.0,0.0,0.04373024244347849,-1.4424751317022888],"timepoint":0}

8.
{"normalizedAffine":[0.02986834399527255,0.0,0.0,-9.455038459169625,0.0,0.02986834399527255,0.0,-2.982232274768171,0.0,0.0,0.02986834399527255,-0.9726844017165415],"timepoint":0}
{"normalizedAffine":[0.02986834399527255,0.0,0.0,-9.447225959169625,0.0,0.02986834399527255,0.0,-3.082232274768171,0.0,0.0,0.02986834399527255,-0.9719031517165414],"timepoint":0}

9.
{"normalizedAffine":[0.03285517839479982,0.0,0.0,-10.475796702125654,0.0,0.03285517839479982,0.0,-3.220597780002801,0.0,0.0,0.03285517839479982,-1.0657781631303833],"timepoint":0}
{"normalizedAffine":[0.03285517839479982,0.0,0.0,-10.475796702125654,0.0,0.03285517839479982,0.0,-3.220597780002801,0.0,0.0,0.03285517839479982,-1.0649969131303834],"timepoint":0}
{"normalizedAffine":[0.03285517839479982,0.0,0.0,-10.475796702125654,0.0,0.03285517839479982,0.0,-3.220597780002801,0.0,0.0,0.03285517839479982,-1.0642156631303832],"timepoint":0}

10.
{"normalizedAffine":[0.02715303999570234,0.0,0.0,-8.802540389740987,0.0,0.02715303999570234,0.0,-3.686153243009806,0.0,0.0,0.02715303999570234,-0.8781330449360092],"timepoint":0}
{"normalizedAffine":[0.02715303999570234,0.0,0.0,-8.762696639740986,0.0,0.02715303999570234,0.0,-3.818965743009806,0.0,0.0,0.02715303999570234,-0.8781330449360092],"timepoint":0}
{"normalizedAffine":[0.02715303999570234,0.0,0.0,-8.762696639740986,0.0,0.02715303999570234,0.0,-3.818965743009806,0.0,0.0,0.02715303999570234,-0.8789142949360091],"timepoint":0}
{"normalizedAffine":[0.02715303999570234,0.0,0.0,-8.761134139740987,0.0,0.02715303999570234,0.0,-3.672871993009806,0.0,0.0,0.02715303999570234,-0.8789142949360091],"timepoint":0}

11.
{"normalizedAffine":[0.03285517839479986,0.0,0.0,-10.424721798567223,0.0,0.03285517839479986,0.0,-3.263170824891303,0.0,0.0,0.03285517839479986,-1.0536339863215054],"timepoint":0}
{"normalizedAffine":[0.03285517839479986,0.0,0.0,-10.424721798567223,0.0,0.03285517839479986,0.0,-3.263170824891303,0.0,0.0,0.03285517839479986,-1.0544152363215054],"timepoint":0}
{"normalizedAffine":[0.03285517839479986,0.0,0.0,-10.418471798567223,0.0,0.03285517839479986,0.0,-3.349889574891303,0.0,0.0,0.03285517839479986,-1.0520714863215053],"timepoint":0}

12.
{"normalizedAffine":[0.029868343995272623,0.0,0.0,-9.535848240004297,0.0,0.029868343995272623,0.0,-2.9567624717619823,0.0,0.0,0.029868343995272623,-0.9389246221317671],"timepoint":0}

13.
{"normalizedAffine":[0.03614069623427998,0.0,0.0,-12.341266537895743,0.0,0.03614069623427998,0.0,-3.536114022538348,0.0,0.0,0.03614069623427998,-1.0723466030376192],"timepoint":0}
{"normalizedAffine":[0.03614069623427998,0.0,0.0,-12.341266537895743,0.0,0.03614069623427998,0.0,-3.536114022538348,0.0,0.0,0.03614069623427998,-1.0731278530376192],"timepoint":0}

14.
{"normalizedAffine":[0.03614069623428017,0.0,0.0,-12.465763676973204,0.0,0.03614069623428017,0.0,-5.16690284662841,0.0,0.0,0.03614069623428017,-0.8630166551885907],"timepoint":0}

D) small blurry shapes 
1.
{"normalizedAffine":[0.0361406962342797,0.0,0.0,-12.32445042463852,0.0,0.03614069623427978,-3.841460569781193E-19,-4.70841867394798,0.0,3.841460569781193E-19,0.03614069623427978,-1.6996007585044108],"timepoint":0}
{"normalizedAffine":[0.0361406962342797,0.0,0.0,-12.32445042463852,0.0,0.03614069623427978,-3.841460569781193E-19,-4.70841867394798,0.0,3.841460569781193E-19,0.03614069623427978,-1.7003820085044108],"timepoint":0}

2.
{"normalizedAffine":[0.0481032666878264,0.0,0.0,-15.620756057020543,0.0,0.04810326668782648,-5.11298401837878E-19,-5.36180744890558,0.0,5.11298401837878E-19,0.04810326668782648,-2.1928249689333983],"timepoint":0}
{"normalizedAffine":[0.0481032666878264,0.0,0.0,-15.620756057020543,0.0,0.04810326668782648,-5.11298401837878E-19,-5.36180744890558,0.0,5.11298401837878E-19,0.04810326668782648,-2.193606218933398],"timepoint":0}
{"normalizedAffine":[0.0481032666878264,0.0,0.0,-15.620756057020543,0.0,0.04810326668782648,-5.11298401837878E-19,-5.36180744890558,0.0,5.11298401837878E-19,0.04810326668782648,-2.194387468933398],"timepoint":0}
{"normalizedAffine":[0.0481032666878264,0.0,0.0,-15.620756057020543,0.0,0.04810326668782648,-5.11298401837878E-19,-5.36180744890558,0.0,5.11298401837878E-19,0.04810326668782648,-2.1951687189333984],"timepoint":0}
{"normalizedAffine":[0.0481032666878264,0.0,0.0,-15.620756057020543,0.0,0.04810326668782648,-5.11298401837878E-19,-5.36180744890558,0.0,5.11298401837878E-19,0.04810326668782648,-2.195949968933398],"timepoint":0}
{"normalizedAffine":[0.0481032666878264,0.0,0.0,-15.620756057020543,0.0,0.04810326668782648,-5.11298401837878E-19,-5.36180744890558,0.0,5.11298401837878E-19,0.04810326668782648,-2.1967312189333983],"timepoint":0}
{"normalizedAffine":[0.0481032666878264,0.0,0.0,-15.620756057020543,0.0,0.04810326668782648,-5.11298401837878E-19,-5.36180744890558,0.0,5.11298401837878E-19,0.04810326668782648,-2.197512468933398],"timepoint":0}
{"normalizedAffine":[0.0481032666878264,0.0,0.0,-15.620756057020543,0.0,0.04810326668782648,-5.11298401837878E-19,-5.36180744890558,0.0,5.11298401837878E-19,0.04810326668782648,-2.198293718933398],"timepoint":0}

3.
{"normalizedAffine":[0.05820495269227033,0.0,0.0,-19.561045059003522,0.0,0.05820495269227033,0.0,-6.170927301405778,0.0,0.0,0.05820495269227033,-1.695873530860422],"timepoint":0}
{"normalizedAffine":[0.05820495269227033,0.0,0.0,-19.561045059003522,0.0,0.05820495269227033,0.0,-6.170927301405778,0.0,0.0,0.05820495269227033,-1.6950922808604219],"timepoint":0}
{"normalizedAffine":[0.05820495269227033,0.0,0.0,-19.561045059003522,0.0,0.05820495269227033,0.0,-6.170927301405778,0.0,0.0,0.05820495269227033,-1.694311030860422],"timepoint":0}

4.
{"normalizedAffine":[0.05820495269226999,0.0,0.0,-18.6732962833269,0.0,0.058204952692270065,-6.186710662238326E-19,-5.367930470426538,0.0,6.186710662238326E-19,0.058204952692270065,-2.6583244215430066],"timepoint":0}
{"normalizedAffine":[0.05820495269226999,0.0,0.0,-18.6732962833269,0.0,0.058204952692270065,-6.186710662238326E-19,-5.367930470426538,0.0,6.186710662238326E-19,0.058204952692270065,-2.6591056715430064],"timepoint":0}
{"normalizedAffine":[0.05820495269226999,0.0,0.0,-18.6732962833269,0.0,0.058204952692270065,-6.186710662238326E-19,-5.367930470426538,0.0,6.186710662238326E-19,0.058204952692270065,-2.6598869215430065],"timepoint":0}

5.
{"normalizedAffine":[0.05820495269227001,0.0,0.0,-20.184185286944725,0.0,0.058204952692270086,-6.186710662238327E-19,-5.313965341417637,0.0,6.186710662238327E-19,0.058204952692270086,-2.6606681715430085],"timepoint":0}
{"normalizedAffine":[0.05820495269227001,0.0,0.0,-20.184185286944725,0.0,0.058204952692270086,-6.186710662238327E-19,-5.313965341417637,0.0,6.186710662238327E-19,0.058204952692270086,-2.6614494215430087],"timepoint":0}
{"normalizedAffine":[0.05820495269227001,0.0,0.0,-20.184185286944725,0.0,0.058204952692270086,-6.186710662238327E-19,-5.313965341417637,0.0,6.186710662238327E-19,0.058204952692270086,-2.662230671543009],"timepoint":0}

6.
{"normalizedAffine":[0.08521787123675256,0.0,0.0,-27.555458021900087,0.0,0.08521787123675273,-9.057963080583142E-19,-10.31189596751928,0.0,9.057963080583142E-19,0.08521787123675273,-3.884035335174683],"timepoint":0}
{"normalizedAffine":[0.08521787123675256,0.0,0.0,-27.62030177190009,0.0,0.08521787123675273,-9.057963080583142E-19,-10.19080221751928,0.0,9.057963080583142E-19,0.08521787123675273,-3.883254085174683],"timepoint":0}
{"normalizedAffine":[0.08521787123675256,0.0,0.0,-27.62030177190009,0.0,0.08521787123675273,-9.057963080583142E-19,-10.19080221751928,0.0,9.057963080583142E-19,0.08521787123675273,-3.882472835174683],"timepoint":0}
{"normalizedAffine":[0.08521787123675256,0.0,0.0,-27.62030177190009,0.0,0.08521787123675273,-9.057963080583142E-19,-10.19080221751928,0.0,9.057963080583142E-19,0.08521787123675273,-3.881691585174683],"timepoint":0}
{"normalizedAffine":[0.08521787123675256,0.0,0.0,-27.62030177190009,0.0,0.08521787123675273,-9.057963080583142E-19,-10.19080221751928,0.0,9.057963080583142E-19,0.08521787123675273,-3.8809103351746828],"timepoint":0}
{"normalizedAffine":[0.08521787123675256,0.0,0.0,-27.628895521900088,0.0,0.08521787123675273,-9.057963080583142E-19,-9.93845846751928,0.0,9.057963080583142E-19,0.08521787123675273,-3.880129085174683],"timepoint":0}
{"normalizedAffine":[0.08521787123675256,0.0,0.0,-27.628895521900088,0.0,0.08521787123675273,-9.057963080583142E-19,-9.93845846751928,0.0,9.057963080583142E-19,0.08521787123675273,-3.879347835174683],"timepoint":0}
{"normalizedAffine":[0.08521787123675256,0.0,0.0,-27.628895521900088,0.0,0.08521787123675273,-9.057963080583142E-19,-9.93845846751928,0.0,9.057963080583142E-19,0.08521787123675273,-3.878566585174683],"timepoint":0}
{"normalizedAffine":[0.08521787123675256,0.0,0.0,-27.628895521900088,0.0,0.08521787123675273,-9.057963080583142E-19,-9.93845846751928,0.0,9.057963080583142E-19,0.08521787123675273,-3.877785335174683],"timepoint":0}
{"normalizedAffine":[0.08521787123675256,0.0,0.0,-27.52655177190009,0.0,0.08521787123675273,-9.057963080583142E-19,-10.06736471751928,0.0,9.057963080583142E-19,0.08521787123675273,-3.8770040851746828],"timepoint":0}
{"normalizedAffine":[0.08521787123675256,0.0,0.0,-27.52655177190009,0.0,0.08521787123675273,-9.057963080583142E-19,-10.06736471751928,0.0,9.057963080583142E-19,0.08521787123675273,-3.876222835174683],"timepoint":0}
{"normalizedAffine":[0.08521787123675256,0.0,0.0,-27.52655177190009,0.0,0.08521787123675273,-9.057963080583142E-19,-10.06736471751928,0.0,9.057963080583142E-19,0.08521787123675273,-3.875441585174683],"timepoint":0}
{"normalizedAffine":[0.08521787123675256,0.0,0.0,-27.52655177190009,0.0,0.08521787123675273,-9.057963080583142E-19,-10.06736471751928,0.0,9.057963080583142E-19,0.08521787123675273,-3.874660335174683],"timepoint":0}

7.
{"normalizedAffine":[0.05820495269227005,0.0,0.0,-18.23427834508911,0.0,0.05820495269227016,-6.186710662238336E-19,-7.0365672516644935,0.0,6.186710662238336E-19,0.05820495269227016,-2.6461974981556473],"timepoint":0}
{"normalizedAffine":[0.05820495269227005,0.0,0.0,-18.23427834508911,0.0,0.05820495269227016,-6.186710662238336E-19,-7.0365672516644935,0.0,6.186710662238336E-19,0.05820495269227016,-2.6469787481556475],"timepoint":0}
{"normalizedAffine":[0.05820495269227005,0.0,0.0,-18.23427834508911,0.0,0.05820495269227016,-6.186710662238336E-19,-7.0365672516644935,0.0,6.186710662238336E-19,0.05820495269227016,-2.6477599981556477],"timepoint":0}

8.
{"normalizedAffine":[0.036140696234279894,0.0,0.0,-12.146869071540934,0.0,0.03614069623427998,-3.8414605697812137E-19,-3.587152211371889,0.0,3.8414605697812137E-19,0.03614069623427998,-1.626735343129163],"timepoint":0}
{"normalizedAffine":[0.036140696234279894,0.0,0.0,-12.146869071540934,0.0,0.03614069623427998,-3.8414605697812137E-19,-3.587152211371889,0.0,3.8414605697812137E-19,0.03614069623427998,-1.625954093129163],"timepoint":0}

9.
{"normalizedAffine":[0.043730242443478874,0.0,0.0,-15.154551271942845,0.0,0.04373024244347894,-4.648167289435291E-19,-4.104267685800873,0.0,4.648167289435291E-19,0.04373024244347894,-1.866301772717227],"timepoint":0}
{"normalizedAffine":[0.043730242443478874,0.0,0.0,-15.154551271942845,0.0,0.04373024244347894,-4.648167289435291E-19,-4.104267685800873,0.0,4.648167289435291E-19,0.04373024244347894,-1.8670830227172273],"timepoint":0}

10.
{"normalizedAffine":[0.03975476585770729,0.0,0.0,-12.626611575683468,0.0,0.03975476585770729,0.0,-3.8615829206283623,0.0,0.0,0.03975476585770729,-1.5070128099260751],"timepoint":0}
{"normalizedAffine":[0.03975476585770729,0.0,0.0,-12.626611575683468,0.0,0.03975476585770729,0.0,-3.8615829206283623,0.0,0.0,0.03975476585770729,-1.507794059926075],"timepoint":0}
{"normalizedAffine":[0.04810326668782583,0.0,0.0,-15.626075006576997,0.0,0.04810326668782583,0.0,-4.623359083960319,0.0,0.0,0.04810326668782583,-1.8234855000105512],"timepoint":0}
{"normalizedAffine":[0.04810326668782583,0.0,0.0,-15.626075006576997,0.0,0.04810326668782583,0.0,-4.623359083960319,0.0,0.0,0.04810326668782583,-1.8242667500105512],"timepoint":0}

11.
{"normalizedAffine":[0.03975476585770732,0.0,0.0,-13.680622894634727,0.0,0.03975476585770732,0.0,-4.144380991089147,0.0,0.0,0.03975476585770732,-1.494990230987332],"timepoint":0}
{"normalizedAffine":[0.03975476585770732,0.0,0.0,-13.679841644634728,0.0,0.03975476585770732,0.0,-4.144380991089147,0.0,0.0,0.03975476585770732,-1.494208980987332],"timepoint":0}

12.
{"normalizedAffine":[0.029868343995272224,0.0,0.0,-9.521862143631195,0.0,0.029868343995272224,0.0,-3.066383829417926,0.0,0.0,0.029868343995272224,-1.1205119231332679],"timepoint":0}

13.
{"normalizedAffine":[0.04810326668782591,0.0,0.0,-17.247777723190957,0.0,0.04810326668782591,0.0,-4.445871394059309,0.0,0.0,0.04810326668782591,-1.760396983572035],"timepoint":0}
{"normalizedAffine":[0.04810326668782591,0.0,0.0,-17.247777723190957,0.0,0.04810326668782591,0.0,-4.445871394059309,0.0,0.0,0.04810326668782591,-1.761178233572035],"timepoint":0}

14.
{"normalizedAffine":[0.03975476585770739,0.0,0.0,-12.707308609173893,0.0,0.03975476585770739,0.0,-5.7434431267157375,0.0,0.0,0.03975476585770739,-1.4538401530037492],"timepoint":0}
{"normalizedAffine":[0.03975476585770739,0.0,0.0,-12.707308609173893,0.0,0.03975476585770739,0.0,-5.7434431267157375,0.0,0.0,0.03975476585770739,-1.4530589030037493],"timepoint":0}

15.
{"normalizedAffine":[0.04810326668782596,0.0,0.0,-15.020321539613406,0.0,0.04810326668782596,0.0,-4.4113813875339005,0.0,0.0,0.04810326668782596,-1.7486796424812932],"timepoint":0}
{"normalizedAffine":[0.04810326668782596,0.0,0.0,-15.020321539613406,0.0,0.04810326668782596,0.0,-4.4113813875339005,0.0,0.0,0.04810326668782596,-1.749460892481293],"timepoint":0}
{"normalizedAffine":[0.04810326668782596,0.0,0.0,-15.329696539613407,0.0,0.04810326668782596,0.0,-4.392631387533901,0.0,0.0,0.04810326668782596,-1.749460892481293],"timepoint":0}
{"normalizedAffine":[0.04810326668782596,0.0,0.0,-15.329696539613407,0.0,0.04810326668782596,0.0,-4.392631387533901,0.0,0.0,0.04810326668782596,-1.7486796424812932],"timepoint":0}

16.
{"normalizedAffine":[0.048103266687826454,0.0,0.0,-15.434155637389916,0.0,0.048103266687826454,0.0,-6.811314214300513,0.0,0.0,0.048103266687826454,-1.5532143580505693],"timepoint":0}
{"normalizedAffine":[0.048103266687826454,0.0,0.0,-15.434155637389916,0.0,0.048103266687826454,0.0,-6.811314214300513,0.0,0.0,0.048103266687826454,-1.552433108050569],"timepoint":0}

17.
{"normalizedAffine":[0.043730242443478666,0.0,0.0,-15.295903745012678,0.0,0.043730242443478666,0.0,-6.3192562190178165,0.0,0.0,0.043730242443478666,-1.3654192918364725],"timepoint":0}
{"normalizedAffine":[0.043730242443478666,0.0,0.0,-15.295903745012678,0.0,0.043730242443478666,0.0,-6.3192562190178165,0.0,0.0,0.043730242443478666,-1.3662005418364724],"timepoint":0}
{"normalizedAffine":[0.043730242443478666,0.0,0.0,-15.295903745012678,0.0,0.043730242443478666,0.0,-6.3192562190178165,0.0,0.0,0.043730242443478666,-1.3669817918364724],"timepoint":0}
{"normalizedAffine":[0.043730242443478666,0.0,0.0,-15.295903745012678,0.0,0.043730242443478666,0.0,-6.3192562190178165,0.0,0.0,0.043730242443478666,-1.3693255418364725],"timepoint":0}
{"normalizedAffine":[0.043730242443478666,0.0,0.0,-15.295903745012678,0.0,0.043730242443478666,0.0,-6.3192562190178165,0.0,0.0,0.043730242443478666,-1.3701067918364724],"timepoint":0}
{"normalizedAffine":[0.043730242443478666,0.0,0.0,-15.295903745012678,0.0,0.043730242443478666,0.0,-6.3192562190178165,0.0,0.0,0.043730242443478666,-1.3724505418364723],"timepoint":0}
{"normalizedAffine":[0.043730242443478666,0.0,0.0,-15.295903745012678,0.0,0.043730242443478666,0.0,-6.3192562190178165,0.0,0.0,0.043730242443478666,-1.3732317918364725],"timepoint":0}

18.
{"normalizedAffine":[0.04373024244347867,0.0,0.0,-15.616996141680415,0.0,0.04373024244347867,0.0,-4.746194014375241,0.0,0.0,0.04373024244347867,-1.3740130418364733],"timepoint":0}
{"normalizedAffine":[0.04373024244347867,0.0,0.0,-15.616996141680415,0.0,0.04373024244347867,0.0,-4.746194014375241,0.0,0.0,0.04373024244347867,-1.3747942918364733],"timepoint":0}
{"normalizedAffine":[0.04373024244347867,0.0,0.0,-15.616996141680415,0.0,0.04373024244347867,0.0,-4.746194014375241,0.0,0.0,0.04373024244347867,-1.3755755418364732],"timepoint":0}

19.
{"normalizedAffine":[0.04810326668782661,0.0,0.0,-16.815048113945306,0.0,0.04810326668782661,0.0,-5.945417427695702,0.0,0.0,0.04810326668782661,-1.504058654512183],"timepoint":0}
{"normalizedAffine":[0.04810326668782661,0.0,0.0,-16.815048113945306,0.0,0.04810326668782661,0.0,-5.945417427695702,0.0,0.0,0.04810326668782661,-1.504839904512183],"timepoint":0}
{"normalizedAffine":[0.04810326668782661,0.0,0.0,-16.815048113945306,0.0,0.04810326668782661,0.0,-5.945417427695702,0.0,0.0,0.04810326668782661,-1.5056211545121831],"timepoint":0}
{"normalizedAffine":[0.07042799275764694,0.0,0.0,-24.59739139675233,0.0,0.07042799275764694,0.0,-8.695625265264281,0.0,0.0,0.07042799275764694,-2.200948447946288],"timepoint":0}
{"normalizedAffine":[0.07042799275764694,0.0,0.0,-24.59739139675233,0.0,0.07042799275764694,0.0,-8.695625265264281,0.0,0.0,0.07042799275764694,-2.200167197946288],"timepoint":0}
{"normalizedAffine":[0.07042799275764694,0.0,0.0,-24.59739139675233,0.0,0.07042799275764694,0.0,-8.695625265264281,0.0,0.0,0.07042799275764694,-2.1993859479462876],"timepoint":0}
{"normalizedAffine":[0.07042799275764694,0.0,0.0,-24.59739139675233,0.0,0.07042799275764694,0.0,-8.695625265264281,0.0,0.0,0.07042799275764694,-2.198604697946288],"timepoint":0}
{"normalizedAffine":[0.07042799275764694,0.0,0.0,-24.59739139675233,0.0,0.07042799275764694,0.0,-8.695625265264281,0.0,0.0,0.07042799275764694,-2.1978234479462877],"timepoint":0}
{"normalizedAffine":[0.07042799275764694,0.0,0.0,-24.59739139675233,0.0,0.07042799275764694,0.0,-8.695625265264281,0.0,0.0,0.07042799275764694,-2.197042197946288],"timepoint":0}
{"normalizedAffine":[0.07042799275764694,0.0,0.0,-24.59739139675233,0.0,0.07042799275764694,0.0,-8.695625265264281,0.0,0.0,0.07042799275764694,-2.196260947946288],"timepoint":0}

20.
{"normalizedAffine":[0.04810326668782661,0.0,0.0,-17.092391863945306,0.0,0.04810326668782661,0.0,-5.921198677695703,0.0,0.0,0.04810326668782661,-1.5056211545121831],"timepoint":0}
{"normalizedAffine":[0.04810326668782661,0.0,0.0,-17.092391863945306,0.0,0.04810326668782661,0.0,-5.921198677695703,0.0,0.0,0.04810326668782661,-1.504839904512183],"timepoint":0}
{"normalizedAffine":[0.04810326668782661,0.0,0.0,-17.092391863945306,0.0,0.04810326668782661,0.0,-5.921198677695703,0.0,0.0,0.04810326668782661,-1.504058654512183],"timepoint":0}
{"normalizedAffine":[0.04810326668782661,0.0,0.0,-17.097860613945304,0.0,0.04810326668782661,0.0,-5.868854927695702,0.0,0.0,0.04810326668782661,-1.503277404512183],"timepoint":0}
{"normalizedAffine":[0.04810326668782661,0.0,0.0,-17.097860613945304,0.0,0.04810326668782661,0.0,-5.868854927695702,0.0,0.0,0.04810326668782661,-1.502496154512183],"timepoint":0}


E) lines disrupting images
1.
{"normalizedAffine":[0.06402544796149749,0.0,-1.7770631622198573E-18,-21.973900548501554,0.0,0.06402544796149749,0.0,-5.895673006281071,1.7770631622198573E-18,0.0,0.06402544796149749,-2.7356896129352983],"timepoint":0}
{"normalizedAffine":[0.06402544796149749,0.0,-1.7770631622198573E-18,-21.973900548501554,0.0,0.06402544796149749,0.0,-5.895673006281071,1.7770631622198573E-18,0.0,0.06402544796149749,-2.7302208629352984],"timepoint":0}
{"normalizedAffine":[0.06402544796149749,0.0,-1.7770631622198573E-18,-21.973900548501554,0.0,0.06402544796149749,0.0,-5.895673006281071,1.7770631622198573E-18,0.0,0.06402544796149749,-2.7278771129352983],"timepoint":0}
{"normalizedAffine":[0.06402544796149749,0.0,-1.7770631622198573E-18,-22.980931798501555,0.0,0.06402544796149749,0.0,-5.885516756281071,1.7770631622198573E-18,0.0,0.06402544796149749,-2.7278771129352983],"timepoint":0}
{"normalizedAffine":[0.06402544796149749,0.0,-1.7770631622198573E-18,-20.507494298501555,0.0,0.06402544796149749,0.0,-5.933954256281071,1.7770631622198573E-18,0.0,0.06402544796149749,-2.7302208629352984],"timepoint":0}
{"normalizedAffine":[0.06402544796149749,0.0,-1.7770631622198573E-18,-20.151244298501553,0.0,0.06402544796149749,0.0,-5.938641756281071,1.7770631622198573E-18,0.0,0.06402544796149749,-2.7278771129352983],"timepoint":0}

2.
{"normalizedAffine":[0.029868343995272818,0.0,-8.290130802744105E-19,-9.344049039334651,0.0,0.029868343995272818,0.0,-2.765786115780667,8.290130802744105E-19,0.0,0.029868343995272818,-1.2066335485506199],"timepoint":0}

3.
{"normalizedAffine":[0.02986834399527218,0.0,0.0,-10.438725322082334,0.0,0.02986834399527218,0.0,-2.838197459758348,0.0,0.0,0.02986834399527218,-1.137629649714486],"timepoint":0}
{"normalizedAffine":[0.02986834399527218,0.0,0.0,-10.438725322082334,0.0,0.02986834399527218,0.0,-2.838197459758348,0.0,0.0,0.02986834399527218,-1.138410899714486],"timepoint":0}
{"normalizedAffine":[0.02986834399527218,0.0,0.0,-10.438725322082334,0.0,0.02986834399527218,0.0,-2.838197459758348,0.0,0.0,0.02986834399527218,-1.139192149714486],"timepoint":0}

4.
{"normalizedAffine":[0.0361406962342795,0.0,0.0,-11.910803546341995,0.0,0.0361406962342795,0.0,-3.3807479016832236,0.0,0.0,0.0361406962342795,-1.3088661137270188],"timepoint":0}
{"normalizedAffine":[0.0361406962342795,0.0,0.0,-12.587366046341995,0.0,0.0361406962342795,0.0,-3.3776229016832233,0.0,0.0,0.0361406962342795,-1.3088661137270188],"timepoint":0}

5.
{"normalizedAffine":[0.06402544796149755,0.0,0.0,-21.255643935980082,0.0,0.06402544796149755,0.0,-5.902095304175429,0.0,0.0,0.06402544796149755,-1.7253105926937669],"timepoint":0}
{"normalizedAffine":[0.06402544796149755,0.0,0.0,-21.255643935980082,0.0,0.06402544796149755,0.0,-5.902095304175429,0.0,0.0,0.06402544796149755,-1.7260918426937668],"timepoint":0}
{"normalizedAffine":[0.06402544796149755,0.0,0.0,-21.255643935980082,0.0,0.06402544796149755,0.0,-5.902095304175429,0.0,0.0,0.06402544796149755,-1.7268730926937668],"timepoint":0}

6.
{"normalizedAffine":[0.05291359335660968,0.0,0.0,-16.773851517369913,0.0,0.05291359335660968,0.0,-6.434194929701086,0.0,0.0,0.05291359335660968,-1.2514506770048435],"timepoint":0}

7.
{"normalizedAffine":[0.07747079203341227,0.0,0.0,-25.440557724096852,0.0,0.07747079203341227,0.0,-9.30273571029584,0.0,0.0,0.07747079203341227,-1.8299612799527936],"timepoint":0}
{"normalizedAffine":[0.07747079203341227,0.0,0.0,-25.440557724096852,0.0,0.07747079203341227,0.0,-9.30273571029584,0.0,0.0,0.07747079203341227,-1.8362112799527937],"timepoint":0}
{"normalizedAffine":[0.07747079203341227,0.0,0.0,-25.440557724096852,0.0,0.07747079203341227,0.0,-9.30273571029584,0.0,0.0,0.07747079203341227,-1.8354300299527937],"timepoint":0}

