coordinates: 17,8
A) pale stripes across slides
1.
{"normalizedAffine":[0.01685990151920949,0.0,0.0,-0.7022731046233548,0.0,0.01685990151920949,0.0,-1.0352341963999672,0.0,0.0,0.01685990151920949,-0.30182641356795664],"timepoint":0}

2.
{"normalizedAffine":[0.06402544796149645,0.0,0.0,-3.231508003598327,0.0,0.06402544796149645,0.0,-3.0814753317194823,0.0,0.0,0.06402544796149645,-1.184819350296368],"timepoint":0}
{"normalizedAffine":[0.06402544796149645,0.0,0.0,-3.231508003598327,0.0,0.06402544796149645,0.0,-3.0814753317194823,0.0,0.0,0.06402544796149645,-1.185600600296368],"timepoint":0}
{"normalizedAffine":[0.06402544796149645,0.0,0.0,-3.231508003598327,0.0,0.06402544796149645,0.0,-3.0814753317194823,0.0,0.0,0.06402544796149645,-1.1863818502963681],"timepoint":0}

3.
{"normalizedAffine":[0.07747079203341113,1.6126848197145028E-18,1.0751232131430023E-17,-4.043315692629601,-1.800074072864545E-18,0.07745899285654623,0.0013520517495853566,-4.004030228670876,-1.0721449435772747E-17,-0.0013520517495853566,0.07745899285654623,-1.379532564936697],"timepoint":0}
{"normalizedAffine":[0.07747079203341113,1.6126848197145028E-18,1.0751232131430023E-17,-4.043315692629601,-1.800074072864545E-18,0.07745899285654623,0.0013520517495853566,-4.004030228670876,-1.0721449435772747E-17,-0.0013520517495853566,0.07745899285654623,-1.380313814936697],"timepoint":0}
{"normalizedAffine":[0.07747079203341113,1.6126848197145028E-18,1.0751232131430023E-17,-4.043315692629601,-1.800074072864545E-18,0.07745899285654623,0.0013520517495853566,-4.004030228670876,-1.0721449435772747E-17,-0.0013520517495853566,0.07745899285654623,-1.381095064936697],"timepoint":0}
{"normalizedAffine":[0.07747079203341113,1.6126848197145028E-18,1.0751232131430023E-17,-4.043315692629601,-1.800074072864545E-18,0.07745899285654623,0.0013520517495853566,-4.004030228670876,-1.0721449435772747E-17,-0.0013520517495853566,0.07745899285654623,-1.381876314936697],"timepoint":0}

4.
{"normalizedAffine":[0.02986834399527255,6.217598102058024E-19,4.145065401372018E-18,-1.339986197797377,-6.217598102058026E-19,0.02986834399527255,1.5365842279124781E-19,-1.71533738385119,-4.145065401372014E-18,-1.5365842279124781E-19,0.02986834399527255,-0.5824960004196414],"timepoint":0}
{"normalizedAffine":[0.02986834399527255,6.217598102058024E-19,4.145065401372018E-18,-1.348579947797377,-6.217598102058026E-19,0.02986834399527255,1.5365842279124781E-19,-2.0825248838511903,-4.145065401372014E-18,-1.5365842279124781E-19,0.02986834399527255,-0.5824960004196414],"timepoint":0}
{"normalizedAffine":[0.02986834399527255,6.217598102058024E-19,4.145065401372018E-18,-1.364986197797377,-6.217598102058026E-19,0.02986834399527255,1.5365842279124781E-19,-1.6903373838511901,-4.145065401372014E-18,-1.5365842279124781E-19,0.02986834399527255,-0.5832772504196414],"timepoint":0}
{"normalizedAffine":[0.02986834399527255,6.217598102058024E-19,4.145065401372018E-18,-1.364204947797377,-6.217598102058026E-19,0.02986834399527255,1.5365842279124781E-19,-2.08955613385119,-4.145065401372014E-18,-1.5365842279124781E-19,0.02986834399527255,-0.5832772504196414],"timepoint":0}

5.
{"normalizedAffine":[0.04810326668782645,1.0013503919345478E-18,6.6756692795636516E-18,-1.6937481171012188,-1.0013503919345478E-18,0.04810326668782645,2.474684264895327E-19,-2.410536126887153,-6.67566927956365E-18,-2.474684264895327E-19,0.04810326668782645,-0.9429799142636549],"timepoint":0}
{"normalizedAffine":[0.04810326668782645,1.0013503919345478E-18,6.6756692795636516E-18,-1.6937481171012188,-1.0013503919345478E-18,0.04810326668782645,2.474684264895327E-19,-2.410536126887153,-6.67566927956365E-18,-2.474684264895327E-19,0.04810326668782645,-0.943761164263655],"timepoint":0}

6.
{"normalizedAffine":[0.03285517839479984,6.839357912263833E-19,4.5595719415092216E-18,-1.3324100556066651,-6.839357912263833E-19,0.03285517839479984,1.6902426507037272E-19,-1.581235426955743,-4.559571941509221E-18,-1.6902426507037272E-19,0.03285517839479984,-0.6505179906050851],"timepoint":0}

7.
{"normalizedAffine":[0.05820495269227005,1.2116339742408036E-18,8.077559828272029E-18,-3.0544772086631093,-1.2116339742408036E-18,0.05820495269227005,2.994367960523349E-19,-4.1630077627311515,-8.07755982827202E-18,-2.994367960523349E-19,0.05820495269227005,-1.2123809451225902],"timepoint":0}
{"normalizedAffine":[0.05820495269227005,1.2116339742408036E-18,8.077559828272029E-18,-3.0544772086631093,-1.2116339742408036E-18,0.05820495269227005,2.994367960523349E-19,-4.1630077627311515,-8.07755982827202E-18,-2.994367960523349E-19,0.05820495269227005,-1.2139434451225901],"timepoint":0}

8.
{"normalizedAffine":[0.02986834399527266,6.2175981020580915E-19,4.14506540137204E-18,-1.4220525655227072,-6.2175981020580915E-19,0.02986834399527266,1.5365842279124957E-19,-2.034417411523766,-4.14506540137204E-18,-1.5365842279124957E-19,0.02986834399527266,-0.6593710747223269],"timepoint":0}

9.
{"normalizedAffine":[0.048103266687826586,1.0013503919345594E-18,6.6756692795636955E-18,-2.1574549470461153,-1.0013503919345594E-18,0.048103266687826586,2.474684264895356E-19,-2.9379568679767836,-6.6756692795636955E-18,-2.474684264895356E-19,0.048103266687826586,-1.1017733091014807],"timepoint":0}
{"normalizedAffine":[0.048103266687826586,1.0013503919345594E-18,6.6756692795636955E-18,-2.1574549470461153,-1.0013503919345594E-18,0.048103266687826586,2.474684264895356E-19,-2.9379568679767836,-6.6756692795636955E-18,-2.474684264895356E-19,0.048103266687826586,-1.1033358091014807],"timepoint":0}

10.
{"normalizedAffine":[0.027153039995702417,5.652361910961915E-19,3.768241273974592E-18,-1.1614960527907978,-5.652361910961918E-19,0.027153039995702455,-3.560749738331558E-19,-1.8536031721992767,-3.768241273974595E-18,3.560749738331558E-19,0.027153039995702455,-0.6408372404689228],"timepoint":0}

11.
{"normalizedAffine":[0.07747079203341162,1.6126848197145296E-18,1.0751232131430151E-17,-3.7696551517936605,-1.6126848197145312E-18,0.07747079203341176,-1.0159234564710597E-18,-4.18412265715662,-1.0751232131430165E-17,1.0159234564710597E-18,0.07747079203341176,-1.861051130410723],"timepoint":0}
{"normalizedAffine":[0.07747079203341162,1.6126848197145296E-18,1.0751232131430151E-17,-3.7524676517936606,-1.6126848197145312E-18,0.07747079203341176,-1.0159234564710597E-18,-3.7138101571566207,-1.0751232131430165E-17,1.0159234564710597E-18,0.07747079203341176,-1.861051130410723],"timepoint":0}
{"normalizedAffine":[0.07747079203341162,1.6126848197145296E-18,1.0751232131430151E-17,-3.724342651793661,-1.6126848197145312E-18,0.07747079203341176,-1.0159234564710597E-18,-4.312247657156621,-1.0751232131430165E-17,1.0159234564710597E-18,0.07747079203341176,-1.8633948804107228],"timepoint":0}
{"normalizedAffine":[0.07747079203341162,1.6126848197145296E-18,1.0751232131430151E-17,-3.7587176517936607,-1.6126848197145312E-18,0.07747079203341176,-1.0159234564710597E-18,-3.7005289071566203,-1.0751232131430165E-17,1.0159234564710597E-18,0.07747079203341176,-1.8633948804107228],"timepoint":0}

12.
{"normalizedAffine":[0.013933802908437869,2.9005554017881604E-19,1.933703601192097E-18,-0.6165147757526405,-2.9005554017881604E-19,0.013933802908437869,-1.8272276352127194E-19,-0.8352039922123616,-1.933703601192097E-18,1.8272276352127194E-19,0.013933802908437869,-0.3079958899938826],"timepoint":0}

13.
{"normalizedAffine":[0.01393380290843787,2.900555401788161E-19,1.933703601192098E-18,-0.5473695840838988,-2.900555401788161E-19,0.01393380290843787,-1.8272276352127201E-19,-0.8620070508835517,-1.933703601192098E-18,1.8272276352127201E-19,0.01393380290843787,-0.2751833899938827],"timepoint":0}

14.
{"normalizedAffine":[0.013933802908437876,2.900555401788161E-19,1.9337036011920985E-18,-0.5894275814164774,-2.900555401788161E-19,0.013933802908437876,-1.8272276352127201E-19,-0.8507406111977324,-1.9337036011920985E-18,1.8272276352127201E-19,0.013933802908437876,-0.2501833899938828],"timepoint":0}

B) small dark shapes 
1.
{"normalizedAffine":[0.09373965836042808,1.951348631854564E-18,1.3008990879030392E-17,-3.9712905448824447,-1.951348631854564E-18,0.09373965836042808,4.822459544102474E-19,-6.934796473781086,-1.3008990879030392E-17,-4.822459544102474E-19,0.09373965836042808,-1.9969683820809097],"timepoint":0}
{"normalizedAffine":[0.09373965836042808,1.951348631854564E-18,1.3008990879030392E-17,-3.9712905448824447,-1.951348631854564E-18,0.09373965836042808,4.822459544102474E-19,-6.934796473781086,-1.3008990879030392E-17,-4.822459544102474E-19,0.09373965836042808,-2.0000933820809097],"timepoint":0}

2.
{"normalizedAffine":[0.0640254479614972,1.33279737166489E-18,8.885315811099235E-18,-3.366599889692551,-1.33279737166489E-18,0.0640254479614972,3.2938047565756986E-19,-4.185080421466334,-8.885315811099235E-18,-3.2938047565756986E-19,0.0640254479614972,-1.372180432885394],"timepoint":0}
{"normalizedAffine":[0.0640254479614972,1.33279737166489E-18,8.885315811099235E-18,-3.366599889692551,-1.33279737166489E-18,0.0640254479614972,3.2938047565756986E-19,-4.185080421466334,-8.885315811099235E-18,-3.2938047565756986E-19,0.0640254479614972,-1.3737429328853938],"timepoint":0}

3.
{"normalizedAffine":[0.07747079203341162,1.6126848197145194E-18,1.0751232131430077E-17,-3.6452518873442905,-1.6126848197145194E-18,0.07747079203341162,3.9855037554566044E-19,-4.436560876880388,-1.0751232131430077E-17,-3.9855037554566044E-19,0.07747079203341162,-1.671880550686424],"timepoint":0}
{"normalizedAffine":[0.07747079203341162,1.6126848197145194E-18,1.0751232131430077E-17,-3.6452518873442905,-1.6126848197145194E-18,0.07747079203341162,3.9855037554566044E-19,-4.436560876880388,-1.0751232131430077E-17,-3.9855037554566044E-19,0.07747079203341162,-1.674224300686424],"timepoint":0}

4.
{"normalizedAffine":[0.07747079203341162,1.6126848197145213E-18,1.0751232131430091E-17,-3.9859720625364883,-1.6126848197145213E-18,0.07747079203341162,3.9855037554566073E-19,-4.960506894422071,-1.0751232131430091E-17,-3.9855037554566073E-19,0.07747079203341162,-1.6849824626860181],"timepoint":0}
{"normalizedAffine":[0.07747079203341162,1.6126848197145213E-18,1.0751232131430091E-17,-3.9859720625364883,-1.6126848197145213E-18,0.07747079203341162,3.9855037554566073E-19,-4.960506894422071,-1.0751232131430091E-17,-3.9855037554566073E-19,0.07747079203341162,-1.686544962686018],"timepoint":0}

5.
{"normalizedAffine":[0.10311362419647088,2.1464834950400313E-18,1.4309889966933465E-17,-5.285881217201604,-2.1464834950400313E-18,0.10311362419647088,5.304705498512755E-19,-6.856185334147302,-1.4309889966933465E-17,-5.304705498512755E-19,0.10311362419647088,-2.254303060539282],"timepoint":0}
{"normalizedAffine":[0.10311362419647088,2.1464834950400313E-18,1.4309889966933465E-17,-5.285881217201604,-2.1464834950400313E-18,0.10311362419647088,5.304705498512755E-19,-6.856185334147302,-1.4309889966933465E-17,-5.304705498512755E-19,0.10311362419647088,-2.2574280605392825],"timepoint":0}

6.
{"normalizedAffine":[0.07042799275764693,1.4660771088313866E-18,9.773847392209193E-18,-3.568472504822004,-1.4660771088313866E-18,0.07042799275764693,3.623185232233288E-19,-4.628493421058834,-9.773847392209193E-18,-3.623185232233288E-19,0.07042799275764693,-1.549795356520106],"timepoint":0}
{"normalizedAffine":[0.07042799275764693,1.4660771088313866E-18,9.773847392209193E-18,-3.568472504822004,-1.4660771088313866E-18,0.07042799275764693,3.623185232233288E-19,-4.628493421058834,-9.773847392209193E-18,-3.623185232233288E-19,0.07042799275764693,-1.552920356520106],"timepoint":0}

7.
{"normalizedAffine":[0.07747079203341162,1.6126848197145254E-18,1.0751232131430117E-17,-3.1912294447292138,-1.6126848197145254E-18,0.07747079203341162,3.985503755456617E-19,-5.6819543161733534,-1.0751232131430117E-17,-3.985503755456617E-19,0.07747079203341162,-1.7122651147660237],"timepoint":0}
{"normalizedAffine":[0.07747079203341162,1.6126848197145254E-18,1.0751232131430117E-17,-3.1912294447292138,-1.6126848197145254E-18,0.07747079203341162,3.985503755456617E-19,-5.6819543161733534,-1.0751232131430117E-17,-3.985503755456617E-19,0.07747079203341162,-1.7146088647660236],"timepoint":0}

8.
{"normalizedAffine":[0.07042799275764693,1.4660771088313866E-18,9.773847392209196E-18,-3.5334517101140595,-1.4660771088313866E-18,0.07042799275764693,3.623185232233288E-19,-4.397660174914767,-9.773847392209196E-18,-3.623185232233288E-19,0.07042799275764693,-1.5621968678789138],"timepoint":0}
{"normalizedAffine":[0.07042799275764693,1.4660771088313866E-18,9.773847392209196E-18,-3.5334517101140595,-1.4660771088313866E-18,0.07042799275764693,3.623185232233288E-19,-4.397660174914767,-9.773847392209196E-18,-3.623185232233288E-19,0.07042799275764693,-1.5645406178789136],"timepoint":0}
{"normalizedAffine":[0.07042799275764693,1.4660771088313866E-18,9.773847392209196E-18,-3.758451710114059,-1.4660771088313866E-18,0.07042799275764693,3.623185232233288E-19,-4.662503924914767,-9.773847392209196E-18,-3.623185232233288E-19,0.07042799275764693,-1.5598531178789137],"timepoint":0}
{"normalizedAffine":[0.07042799275764693,1.4660771088313866E-18,9.773847392209196E-18,-3.862357960114059,-1.4660771088313866E-18,0.07042799275764693,3.623185232233288E-19,-4.664847674914767,-9.773847392209196E-18,-3.623185232233288E-19,0.07042799275764693,-1.5645406178789136],"timepoint":0}

9.
{"normalizedAffine":[0.05291359335660925,1.1014854311280157E-18,7.343236207520069E-18,-2.8560849523054155,-1.1014854311280164E-18,0.05291359335660927,-6.938893903907229E-19,-3.442387339485405,-7.343236207520075E-18,6.938893903907229E-19,0.05291359335660927,-1.22717499235538],"timepoint":0}
{"normalizedAffine":[0.05291359335660925,1.1014854311280157E-18,7.343236207520069E-18,-2.8560849523054155,-1.1014854311280164E-18,0.05291359335660927,-6.938893903907229E-19,-3.442387339485405,-7.343236207520075E-18,6.938893903907229E-19,0.05291359335660927,-1.22795624235538],"timepoint":0}

10.
{"normalizedAffine":[0.10311362419647088,2.146483495040039E-18,1.4309889966933518E-17,-5.232900448419713,-2.1464834950400394E-18,0.10311362419647097,-1.3521941205629786E-18,-6.95239154177234,-1.4309889966933536E-17,1.3521941205629786E-18,0.10311362419647097,-2.39563641441592],"timepoint":0}
{"normalizedAffine":[0.10311362419647088,2.146483495040039E-18,1.4309889966933518E-17,-5.232900448419713,-2.1464834950400394E-18,0.10311362419647097,-1.3521941205629786E-18,-6.95239154177234,-1.4309889966933536E-17,1.3521941205629786E-18,0.10311362419647097,-2.39798016441592],"timepoint":0}

11.
{"normalizedAffine":[0.07042799275764693,1.4660771088313906E-18,9.773847392209225E-18,-3.740088431048923,-1.4660771088313914E-18,0.07042799275764704,-9.235667786100534E-19,-4.681209659492523,-9.773847392209234E-18,9.235667786100534E-19,0.07042799275764704,-1.6842725202206852],"timepoint":0}
{"normalizedAffine":[0.07042799275764693,1.4660771088313906E-18,9.773847392209225E-18,-3.740088431048923,-1.4660771088313914E-18,0.07042799275764704,-9.235667786100534E-19,-4.681209659492523,-9.773847392209234E-18,9.235667786100534E-19,0.07042799275764704,-1.691303770220685],"timepoint":0}

12.
{"normalizedAffine":[0.07042799275764693,1.4660771088313906E-18,9.773847392209225E-18,-3.3721196810489227,-1.4660771088313914E-18,0.07042799275764704,-9.235667786100534E-19,-4.456209659492523,-9.773847392209234E-18,9.235667786100534E-19,0.07042799275764704,-1.6920850202206852],"timepoint":0}
{"normalizedAffine":[0.07042799275764693,1.4660771088313906E-18,9.773847392209225E-18,-3.3721196810489227,-1.4660771088313914E-18,0.07042799275764704,-9.235667786100534E-19,-4.456209659492523,-9.773847392209234E-18,9.235667786100534E-19,0.07042799275764704,-1.694428770220685],"timepoint":0}

13.
{"normalizedAffine":[0.07042799275764693,1.4660771088313906E-18,9.773847392209234E-18,-3.69019889446938,-1.466077108831393E-18,0.07042799275764706,-9.235667786100546E-19,-4.50455757396973,-9.773847392209245E-18,9.235667786100546E-19,0.07042799275764706,-1.6975121712193368],"timepoint":0}
{"normalizedAffine":[0.07042799275764693,1.4660771088313906E-18,9.773847392209234E-18,-3.69019889446938,-1.466077108831393E-18,0.07042799275764706,-9.235667786100546E-19,-4.50455757396973,-9.773847392209245E-18,9.235667786100546E-19,0.07042799275764706,-1.6998559212193367],"timepoint":0}

14.
{"normalizedAffine":[0.07747079203341174,1.6126848197145325E-18,1.0751232131430173E-17,-4.053346298859604,-1.6126848197145325E-18,0.07747079203341174,-1.01592345647106E-18,-5.24500693468366,-1.0751232131430173E-17,1.01592345647106E-18,0.07747079203341174,-1.8775794094893983],"timepoint":0}
{"normalizedAffine":[0.07747079203341174,1.6126848197145325E-18,1.0751232131430173E-17,-4.053346298859604,-1.6126848197145325E-18,0.07747079203341174,-1.01592345647106E-18,-5.24500693468366,-1.0751232131430173E-17,1.01592345647106E-18,0.07747079203341174,-1.8799231594893984],"timepoint":0}

15.
{"normalizedAffine":[0.08521787123675295,1.7739533016859863E-18,1.18263553445732E-17,-4.349602926081384,-1.7739533016859863E-18,0.08521787123675295,-1.1175158021181665E-18,-5.55261627043308,-1.18263553445732E-17,1.1175158021181665E-18,0.08521787123675295,-2.0914982682122796],"timepoint":0}
{"normalizedAffine":[0.08521787123675295,1.7739533016859863E-18,1.18263553445732E-17,-4.349602926081384,-1.7739533016859863E-18,0.08521787123675295,-1.1175158021181665E-18,-5.55261627043308,-1.18263553445732E-17,1.1175158021181665E-18,0.08521787123675295,-2.0946232682122794],"timepoint":0}

16.
{"normalizedAffine":[0.0774707920334118,1.6126848197145333E-18,1.075123213143018E-17,-4.192454000666154,-1.6126848197145333E-18,0.0774707920334118,-1.0159234564710609E-18,-5.1446484894858635,-1.075123213143018E-17,1.0159234564710609E-18,0.0774707920334118,-1.929764417962465],"timepoint":0}
{"normalizedAffine":[0.0774707920334118,1.6126848197145333E-18,1.075123213143018E-17,-4.192454000666154,-1.6126848197145333E-18,0.0774707920334118,-1.0159234564710609E-18,-5.145429739485864,-1.075123213143018E-17,1.0159234564710609E-18,0.0774707920334118,-1.9321081679624648],"timepoint":0}

17.
{"normalizedAffine":[0.09373965836042857,1.951348631854592E-18,1.3008990879030546E-17,-5.033486170095874,-1.951348631854592E-18,0.09373965836042857,-1.2292673823299879E-18,-6.160516169816264,-1.3008990879030546E-17,1.2292673823299879E-18,0.09373965836042857,-2.3910609054336027],"timepoint":0}
{"normalizedAffine":[0.09373965836042857,1.951348631854592E-18,1.3008990879030546E-17,-5.033486170095874,-1.951348631854592E-18,0.09373965836042857,-1.2292673823299879E-18,-6.160516169816264,-1.3008990879030546E-17,1.2292673823299879E-18,0.09373965836042857,-2.393404655433603],"timepoint":0}

18.
{"normalizedAffine":[0.11342498661611866,2.3611318445440574E-18,1.574087896362697E-17,-6.239019876958403,-2.3611318445440574E-18,0.11342498661611866,-1.4874135326192864E-18,-7.565830505802324,-1.574087896362697E-17,1.4874135326192864E-18,0.11342498661611866,-2.9066680291052123],"timepoint":0}
{"normalizedAffine":[0.11342498661611866,2.3611318445440574E-18,1.574087896362697E-17,-6.239019876958403,-2.3611318445440574E-18,0.11342498661611866,-1.4874135326192864E-18,-7.565830505802324,-1.574087896362697E-17,1.4874135326192864E-18,0.11342498661611866,-2.909793029105212],"timepoint":0}


D) blurry shapes 
1.
{"normalizedAffine":[0.0852178712367519,0.0,0.0,-3.041256951999909,0.0,0.0852178712367519,0.0,-5.793463174448274,0.0,0.0,0.0852178712367519,-1.6315118366174604],"timepoint":0}
{"normalizedAffine":[0.0852178712367519,0.0,0.0,-3.041256951999909,0.0,0.0852178712367519,0.0,-5.793463174448274,0.0,0.0,0.0852178712367519,-1.6322930866174603],"timepoint":0}
{"normalizedAffine":[0.0852178712367519,0.0,0.0,-3.039694451999909,0.0,0.0852178712367519,0.0,-5.791900674448274,0.0,0.0,0.0852178712367519,-1.6330743366174603],"timepoint":0}
{"normalizedAffine":[0.0852178712367519,0.0,0.0,-3.039694451999909,0.0,0.0852178712367519,0.0,-5.791900674448274,0.0,0.0,0.0852178712367519,-1.6338555866174602],"timepoint":0}

2.
{"normalizedAffine":[0.15096865718605154,0.0,0.0,-4.7489221692277646,0.0,0.15096865718605154,0.0,-8.92187800999811,0.0,0.0,0.15096865718605154,-2.902341987837289],"timepoint":0}
{"normalizedAffine":[0.15096865718605154,0.0,0.0,-4.7489221692277646,0.0,0.15096865718605154,0.0,-8.92187800999811,0.0,0.0,0.15096865718605154,-2.907029487837289],"timepoint":0}

3.
{"normalizedAffine":[0.07747079203341098,0.0,0.0,-2.731187825110097,0.0,0.07747079203341098,0.0,-5.28499031878486,0.0,0.0,0.07747079203341098,-1.4833974318880612],"timepoint":0}
{"normalizedAffine":[0.07747079203341098,0.0,0.0,-2.731187825110097,0.0,0.07747079203341098,0.0,-5.28499031878486,0.0,0.0,0.07747079203341098,-1.485741181888061],"timepoint":0}

4.
{"normalizedAffine":[0.05820495269226993,1.2116339742408011E-18,8.077559828272013E-18,-2.2083297299769415,-1.2116339742408015E-18,0.05820495269226993,2.994367960523342E-19,-3.949344478552754,-8.077559828272007E-18,-2.994367960523342E-19,0.05820495269226993,-1.1258651109962368],"timepoint":0}
{"normalizedAffine":[0.05820495269226993,1.2116339742408011E-18,8.077559828272013E-18,-2.2083297299769415,-1.2116339742408015E-18,0.05820495269226993,2.994367960523342E-19,-3.949344478552754,-8.077559828272007E-18,-2.994367960523342E-19,0.05820495269226993,-1.1305526109962367],"timepoint":0}

5.
{"normalizedAffine":[0.08521787123675256,1.7739533016859605E-18,1.1826355344573071E-17,-4.379046761813164,-1.7739533016859605E-18,0.08521787123675256,4.384054131002232E-19,-6.055340467458137,-1.1826355344573065E-17,-4.384054131002232E-19,0.08521787123675256,-1.7001911075578278],"timepoint":0}
{"normalizedAffine":[0.08521787123675256,1.7739533016859605E-18,1.1826355344573071E-17,-4.379046761813164,-1.7739533016859605E-18,0.08521787123675256,4.384054131002232E-19,-6.055340467458137,-1.1826355344573065E-17,-4.384054131002232E-19,0.08521787123675256,-1.7103473575578279],"timepoint":0}

6.
{"normalizedAffine":[0.09373965836042793,1.9513486318545593E-18,1.3008990879030392E-17,-3.745699220940776,-1.9513486318545593E-18,0.09373965836042793,4.822459544102463E-19,-5.813650015935647,-1.300899087903039E-17,-4.822459544102463E-19,0.09373965836042793,-1.9559877829367414],"timepoint":0}
{"normalizedAffine":[0.09373965836042793,1.9513486318545593E-18,1.3008990879030392E-17,-3.745699220940776,-1.9513486318545593E-18,0.09373965836042793,4.822459544102463E-19,-5.813650015935647,-1.300899087903039E-17,-4.822459544102463E-19,0.09373965836042793,-1.9591127829367414],"timepoint":0}

7.
{"normalizedAffine":[0.07042799275764693,1.4660771088313763E-18,9.773847392209159E-18,-2.98554951387168,-1.4660771088313763E-18,0.07042799275764693,3.623185232233261E-19,-5.125231658447369,-9.773847392209159E-18,-3.623185232233261E-19,0.07042799275764693,-1.4816239719843178],"timepoint":0}
{"normalizedAffine":[0.07042799275764693,1.4660771088313763E-18,9.773847392209159E-18,-2.98554951387168,-1.4660771088313763E-18,0.07042799275764693,3.623185232233261E-19,-5.125231658447369,-9.773847392209159E-18,-3.623185232233261E-19,0.07042799275764693,-1.4855302219843178],"timepoint":0}

8.
{"normalizedAffine":[0.1247674852777298,2.5972450289984313E-18,1.7314966859989454E-17,-5.296625094106006,-2.5972450289984313E-18,0.1247674852777298,6.418693653200407E-19,-8.542378958977125,-1.7314966859989454E-17,-6.418693653200407E-19,0.1247674852777298,-2.677640939760438],"timepoint":0}
{"normalizedAffine":[0.1247674852777298,2.5972450289984313E-18,1.7314966859989454E-17,-5.296625094106006,-2.5972450289984313E-18,0.1247674852777298,6.418693653200407E-19,-8.542378958977125,-1.7314966859989454E-17,-6.418693653200407E-19,0.1247674852777298,-2.682328439760438],"timepoint":0}

9.
{"normalizedAffine":[0.16606552290465895,3.4569331335969463E-18,2.30462208906462E-17,-7.048962379656475,-3.4569331335969463E-18,0.16606552290465895,-2.177722153107892E-18,-12.101648583119987,-2.30462208906462E-17,2.177722153107892E-18,0.16606552290465895,-4.135352893643793],"timepoint":0}
{"normalizedAffine":[0.16606552290465895,3.4569331335969463E-18,2.30462208906462E-17,-7.048962379656475,-3.4569331335969463E-18,0.16606552290465895,-2.177722153107892E-18,-12.101648583119987,-2.30462208906462E-17,2.177722153107892E-18,0.16606552290465895,-4.1416028936437925],"timepoint":0}

E) lines disrupting images
1.
{"normalizedAffine":[0.07042799275764582,0.0,0.0,-2.8153899441195014,0.0,0.07042799275764582,0.0,-4.8110385693159206,0.0,0.0,0.07042799275764582,-1.253705252378742],"timepoint":0}
{"normalizedAffine":[0.07042799275764582,0.0,0.0,-2.8153899441195014,0.0,0.07042799275764582,0.0,-4.84541356931592,0.0,0.0,0.07042799275764582,-1.282611502378742],"timepoint":0}
{"normalizedAffine":[0.07747079203341041,0.0,0.0,-2.526611751031452,0.0,0.07747079203341041,0.0,-5.328761957497514,0.0,0.0,0.07747079203341041,-1.3761882776166168],"timepoint":0}
{"normalizedAffine":[0.07747079203341041,0.0,0.0,-2.526611751031452,0.0,0.07747079203341041,0.0,-5.328761957497514,0.0,0.0,0.07747079203341041,-1.3793132776166166],"timepoint":0}
{"normalizedAffine":[0.07747079203341041,0.0,0.0,-2.526611751031452,0.0,0.07747079203341041,0.0,-5.328761957497514,0.0,0.0,0.07747079203341041,-1.3808757776166167],"timepoint":0}
{"normalizedAffine":[0.07747079203341041,0.0,0.0,-2.526611751031452,0.0,0.07747079203341041,0.0,-5.328761957497514,0.0,0.0,0.07747079203341041,-1.4113445276166168],"timepoint":0}

2.
{"normalizedAffine":[0.0640254479614962,0.0,0.0,-2.7218588851499605,0.0,0.0640254479614962,0.0,-4.6448730020640605,0.0,0.0,0.0640254479614962,-1.1412519339806748],"timepoint":0}
{"normalizedAffine":[0.0640254479614962,0.0,0.0,-2.7218588851499605,0.0,0.0640254479614962,0.0,-4.6448730020640605,0.0,0.0,0.0640254479614962,-1.1420331839806748],"timepoint":0}
{"normalizedAffine":[0.0640254479614962,0.0,0.0,-2.7218588851499605,0.0,0.0640254479614962,0.0,-4.6448730020640605,0.0,0.0,0.0640254479614962,-1.1428144339806747],"timepoint":0}
{"normalizedAffine":[0.10311362419646929,0.0,0.0,-4.476508648435366,0.0,0.10311362419646929,0.0,-7.326521012304193,0.0,0.0,0.10311362419646929,-1.8417722850077174],"timepoint":0}
{"normalizedAffine":[0.10311362419646929,0.0,0.0,-4.476508648435366,0.0,0.10311362419646929,0.0,-7.326521012304193,0.0,0.0,0.10311362419646929,-1.8409910350077174],"timepoint":0}

3.
{"normalizedAffine":[0.07747079203341056,0.0,0.0,-3.309902225177274,0.0,0.07747079203341056,0.0,-4.151218950705679,0.0,0.0,0.07747079203341056,-1.3761282153033692],"timepoint":0}
{"normalizedAffine":[0.07747079203341056,0.0,0.0,-3.453652225177274,0.0,0.07747079203341056,0.0,-4.116843950705678,0.0,0.0,0.07747079203341056,-1.8284719653033692],"timepoint":0}
{"normalizedAffine":[0.07747079203341056,0.0,0.0,-3.431777225177274,0.0,0.07747079203341056,0.0,-4.067625200705678,0.0,0.0,0.07747079203341056,-2.072221965303369],"timepoint":0}
{"normalizedAffine":[0.07747079203341056,0.0,0.0,-3.431777225177274,0.0,0.07747079203341056,0.0,-4.067625200705678,0.0,0.0,0.07747079203341056,-2.119096965303369],"timepoint":0}

4.
{"normalizedAffine":[0.08521787123675219,1.7739533016859528E-18,1.1826355344573016E-17,-2.8221972097675487,-1.9800814801509987E-18,0.08520489214220082,0.0014872569245438915,-6.34460721301125,-1.1793594379350017E-17,-0.0014872569245438915,0.08520489214220082,-1.480172358789897],"timepoint":0}
{"normalizedAffine":[0.08521787123675219,1.7739533016859528E-18,1.1826355344573016E-17,-2.834697209767549,-1.9800814801509987E-18,0.08520489214220082,0.0014872569245438915,-5.96882596301125,-1.1793594379350017E-17,-0.0014872569245438915,0.08520489214220082,-1.480172358789897],"timepoint":0}
{"normalizedAffine":[0.08521787123675219,1.7739533016859528E-18,1.1826355344573016E-17,-2.8846972097675487,-1.9800814801509987E-18,0.08520489214220082,0.0014872569245438915,-4.20320096301125,-1.1793594379350017E-17,-0.0014872569245438915,0.08520489214220082,-1.5200161087898971],"timepoint":0}

5.
{"normalizedAffine":[0.11342498661611798,2.3611318445440292E-18,1.5740878963626787E-17,-4.825082645855405,-2.3611318445440292E-18,0.11342498661611798,5.835176048364018E-19,-6.334276120486643,-1.5740878963626787E-17,-5.835176048364018E-19,0.11342498661611798,-2.4618674105048424],"timepoint":0}
{"normalizedAffine":[0.11342498661611798,2.3611318445440292E-18,1.5740878963626787E-17,-4.825082645855405,-2.3611318445440292E-18,0.11342498661611798,5.835176048364018E-19,-6.334276120486643,-1.5740878963626787E-17,-5.835176048364018E-19,0.11342498661611798,-2.4696799105048424],"timepoint":0}

6.
{"normalizedAffine":[0.02986834399527266,6.217598102058107E-19,4.1450654013720524E-18,-1.3098331580698779,-6.217598102058111E-19,0.029868343995272703,-3.916824712164714E-19,-1.6284166144192047,-4.1450654013720555E-18,3.916824712164714E-19,0.029868343995272703,-0.7049209645158151],"timepoint":0}

7.
{"normalizedAffine":[0.08521787123675334,1.773953301685996E-18,1.1826355344573233E-17,-3.681468063000212,-1.773953301685996E-18,0.08521787123675334,-1.117515802118173E-18,-5.8630613733551495,-1.1826355344573233E-17,1.117515802118173E-18,0.08521787123675334,-2.2960461883199277],"timepoint":0}
{"normalizedAffine":[0.08521787123675334,1.773953301685996E-18,1.1826355344573233E-17,-3.681468063000212,-1.773953301685996E-18,0.08521787123675334,-1.117515802118173E-18,-5.8630613733551495,-1.1826355344573233E-17,1.117515802118173E-18,0.08521787123675334,-2.3054211883199276],"timepoint":0}

8.
{"normalizedAffine":[0.03614069623428022,7.523293703490373E-19,5.015529135660228E-18,-1.5913233450739686,-7.523293703490373E-19,0.03614069623428022,-4.739357901719349E-19,-2.482383295794986,-5.015529135660228E-18,4.739357901719349E-19,0.03614069623428022,-0.6420509475480324],"timepoint":0}
{"normalizedAffine":[0.03614069623428022,7.523293703490373E-19,5.015529135660228E-18,-1.5913233450739686,-7.523293703490373E-19,0.03614069623428022,-4.739357901719349E-19,-2.482383295794986,-5.015529135660228E-18,4.739357901719349E-19,0.03614069623428022,-0.6873634475480324],"timepoint":0}
{"normalizedAffine":[0.03614069623428022,7.523293703490373E-19,5.015529135660228E-18,-1.5913233450739686,-7.523293703490373E-19,0.03614069623428022,-4.739357901719349E-19,-2.482383295794986,-5.015529135660228E-18,4.739357901719349E-19,0.03614069623428022,-0.7295509475480324],"timepoint":0}
{"normalizedAffine":[0.03614069623428022,7.523293703490373E-19,5.015529135660228E-18,-1.5913233450739686,-7.523293703490373E-19,0.03614069623428022,-4.739357901719349E-19,-2.482383295794986,-5.015529135660228E-18,4.739357901719349E-19,0.03614069623428022,-0.7506446975480324],"timepoint":0}
{"normalizedAffine":[0.03614069623428022,7.523293703490373E-19,5.015529135660228E-18,-1.5913233450739686,-7.523293703490373E-19,0.03614069623428022,-4.739357901719349E-19,-2.482383295794986,-5.015529135660228E-18,4.739357901719349E-19,0.03614069623428022,-0.8217384475480323],"timepoint":0}
{"normalizedAffine":[0.03614069623428022,7.523293703490373E-19,5.015529135660228E-18,-1.5913233450739686,-7.523293703490373E-19,0.03614069623428022,-4.739357901719349E-19,-2.482383295794986,-5.015529135660228E-18,4.739357901719349E-19,0.03614069623428022,-0.9881446975480324],"timepoint":0}

9.
{"normalizedAffine":[0.05820495269227066,1.2116339742408289E-18,8.077559828272158E-18,-2.514700340162579,-1.2116339742408289E-18,0.05820495269227066,-7.632783294298034E-19,-2.964565059210784,-8.077559828272158E-18,7.632783294298034E-19,0.05820495269227066,-1.034060666848082],"timepoint":0}
{"normalizedAffine":[0.043730242443479075,9.103185381223354E-19,6.068790254148878E-18,-1.9007903100395027,-9.103185381223354E-19,0.043730242443479075,-5.734623061080414E-19,-2.227027537911933,-6.068790254148878E-18,5.734623061080414E-19,0.043730242443479075,-0.9597175840331194],"timepoint":0}
{"normalizedAffine":[0.043730242443479075,9.103185381223354E-19,6.068790254148878E-18,-1.9007903100395027,-9.103185381223354E-19,0.043730242443479075,-5.734623061080414E-19,-2.227027537911933,-6.068790254148878E-18,5.734623061080414E-19,0.043730242443479075,-0.9823738340331194],"timepoint":0}
{"normalizedAffine":[0.043730242443479075,9.103185381223354E-19,6.068790254148878E-18,-1.9070403100395028,-9.103185381223354E-19,0.043730242443479075,-5.734623061080414E-19,-2.226246287911933,-6.068790254148878E-18,5.734623061080414E-19,0.043730242443479075,-1.1683113340331193],"timepoint":0}
{"normalizedAffine":[0.043730242443479075,9.103185381223354E-19,6.068790254148878E-18,-1.9226653100395028,-9.103185381223354E-19,0.043730242443479075,-5.734623061080414E-19,-2.273902537911933,-6.068790254148878E-18,5.734623061080414E-19,0.043730242443479075,-1.1964363340331194],"timepoint":0}

F) white out- white blotches covering processes, or erasing parts of processes
1.
{"normalizedAffine":[0.015327183199281308,0.0,0.0,-0.6840005384688637,0.0,0.015327183199281308,0.0,-0.9255305451946896,0.0,0.0,0.015327183199281308,-0.2724467638240032],"timepoint":0}
{"normalizedAffine":[0.03285517839479943,0.0,0.0,-1.625590900295832,0.0,0.03285517839479943,0.0,-2.002706919992537,0.0,0.0,0.03285517839479943,-0.5840138342538465],"timepoint":0}
{"normalizedAffine":[0.04810326668782586,0.0,0.0,-1.9410439652481282,0.0,0.04810326668782586,0.0,-2.779693435936075,0.0,0.0,0.04810326668782586,-0.8550546547310568],"timepoint":0}
{"normalizedAffine":[0.07042799275764587,0.0,0.0,-2.542001141394785,0.0,0.07042799275764587,0.0,-4.149424472054009,0.0,0.0,0.07042799275764587,-1.2518855199917407],"timepoint":0}
{"normalizedAffine":[0.06402544796149626,0.0,0.0,-2.0245742691657145,0.0,0.06402544796149626,0.0,-3.859291096753646,0.0,0.0,0.06402544796149626,-1.138077745447037],"timepoint":0}
{"normalizedAffine":[0.06402544796149626,0.0,0.0,-2.044886769165714,0.0,0.06402544796149626,0.0,-3.2647598467536456,0.0,0.0,0.06402544796149626,-1.137296495447037],"timepoint":0}
{"normalizedAffine":[0.0937396583604267,0.0,0.0,-4.166945749985524,0.0,0.0937396583604267,0.0,-4.670628172882013,0.0,0.0,0.0937396583604267,-1.6651157989840073],"timepoint":0}
{"normalizedAffine":[0.0937396583604267,0.0,0.0,-4.089601999985524,0.0,0.0937396583604267,0.0,-4.450315672882013,0.0,0.0,0.0937396583604267,-1.6651157989840073],"timepoint":0}
{"normalizedAffine":[0.0937396583604267,0.0,0.0,-4.487258249985524,0.0,0.0937396583604267,0.0,-4.781565672882013,0.0,0.0,0.0937396583604267,-1.6651157989840073],"timepoint":0}
{"normalizedAffine":[0.0937396583604267,0.0,0.0,-5.167726999985524,0.0,0.0937396583604267,0.0,-5.168284422882014,0.0,0.0,0.0937396583604267,-1.6651157989840073],"timepoint":0}
{"normalizedAffine":[0.0937396583604267,0.0,0.0,-5.167726999985524,0.0,0.0937396583604267,0.0,-5.168284422882014,0.0,0.0,0.0937396583604267,-1.6698032989840073],"timepoint":0}
{"normalizedAffine":[0.04810326668782591,0.0,0.0,-1.950554151226201,0.0,0.04810326668782591,0.0,-2.6860912437181863,0.0,0.0,0.04810326668782591,-0.8971358687220591],"timepoint":0}
{"normalizedAffine":[0.04810326668782591,0.0,0.0,-2.474772901226201,0.0,0.04810326668782591,0.0,-2.706403743718186,0.0,0.0,0.04810326668782591,-0.8971358687220591],"timepoint":0}
{"normalizedAffine":[0.04810326668782591,0.0,0.0,-1.859147901226201,0.0,0.04810326668782591,0.0,-2.442341243718186,0.0,0.0,0.04810326668782591,-0.8971358687220591],"timepoint":0}
{"normalizedAffine":[0.07042799275764593,0.0,0.0,-2.413110707810282,0.0,0.07042799275764593,0.0,-3.538582205552798,0.0,0.0,0.07042799275764593,-1.313496625395967],"timepoint":0}
{"normalizedAffine":[0.07042799275764593,0.0,0.0,-2.203735707810282,0.0,0.07042799275764593,0.0,-4.287019705552797,0.0,0.0,0.07042799275764593,-1.313496625395967],"timepoint":0}
{"normalizedAffine":[0.07042799275764593,0.0,0.0,-2.188110707810282,0.0,0.07042799275764593,0.0,-4.507332205552798,0.0,0.0,0.07042799275764593,-1.313496625395967],"timepoint":0}
{"normalizedAffine":[0.07747079203341056,0.0,0.0,-3.4178569223725628,0.0,0.07747079203341056,0.0,-5.277644919326828,0.0,0.0,0.07747079203341056,-1.444846287935564],"timepoint":0}

2.
{"normalizedAffine":[0.052913593356608626,0.0,0.0,-2.133855390736651,0.0,0.052913593356608626,0.0,-2.9639991314170993,0.0,0.0,0.052913593356608626,-0.9791352443866768],"timepoint":0}
{"normalizedAffine":[0.052913593356608626,0.0,0.0,-2.598699140736651,0.0,0.052913593356608626,0.0,-2.938217881417099,0.0,0.0,0.052913593356608626,-0.9791352443866768],"timepoint":0}
{"normalizedAffine":[0.08521787123675181,0.0,0.0,-3.5290775703352866,0.0,0.08521787123675181,0.0,-4.143120147388554,0.0,0.0,0.08521787123675181,-1.5769071024371877],"timepoint":0}
{"normalizedAffine":[0.08521787123675181,0.0,0.0,-2.8650150703352866,0.0,0.08521787123675181,0.0,-4.356401397388555,0.0,0.0,0.08521787123675181,-1.5769071024371877],"timepoint":0}
{"normalizedAffine":[0.08521787123675181,0.0,0.0,-3.1853275703352866,0.0,0.08521787123675181,0.0,-4.334526397388554,0.0,0.0,0.08521787123675181,-1.5769071024371877],"timepoint":0}
{"normalizedAffine":[0.08521787123675181,0.0,0.0,-3.8931400703352868,0.0,0.08521787123675181,0.0,-5.918120147388555,0.0,0.0,0.08521787123675181,-1.5769071024371877],"timepoint":0}

3.
{"normalizedAffine":[0.16606552290465626,0.0,0.0,-8.504455861266333,0.0,0.16606552290465626,0.0,-11.83287175746206,0.0,0.0,0.16606552290465626,-2.9813680284356687],"timepoint":0}
{"normalizedAffine":[0.1372442338055011,0.0,0.0,-6.2198368277900125,0.0,0.1372442338055011,0.0,-7.258023617652568,0.0,0.0,0.1372442338055011,-2.4693408224089524],"timepoint":0}
{"normalizedAffine":[0.1372442338055011,0.0,0.0,-6.2198368277900125,0.0,0.1372442338055011,0.0,-7.258023617652568,0.0,0.0,0.1372442338055011,-2.5255908224089527],"timepoint":0}
{"normalizedAffine":[0.1372442338055011,0.0,0.0,-6.2198368277900125,0.0,0.1372442338055011,0.0,-7.258023617652568,0.0,0.0,0.1372442338055011,-2.5380908224089525],"timepoint":0}

4.
{"normalizedAffine":[0.10311362419646974,0.0,0.0,-3.1457017254357376,0.0,0.10311362419646974,0.0,-6.304990202349746,0.0,0.0,0.10311362419646974,-1.9080754171219334],"timepoint":0}
{"normalizedAffine":[0.10311362419646974,0.0,0.0,-3.1457017254357376,0.0,0.10311362419646974,0.0,-6.304990202349746,0.0,0.0,0.10311362419646974,-1.9588566671219334],"timepoint":0}

5.
{"normalizedAffine":[0.085217871236752,0.0,0.0,-3.8749399562917457,0.0,0.085217871236752,0.0,-4.457731406516758,0.0,0.0,0.085217871236752,-1.6177102451667151],"timepoint":0}
{"normalizedAffine":[0.085217871236752,0.0,0.0,-3.8749399562917457,0.0,0.085217871236752,0.0,-4.457731406516758,0.0,0.0,0.085217871236752,-1.658335245166715],"timepoint":0}

6.
{"normalizedAffine":[0.039754765857707715,8.275623073839215E-19,5.517082049226148E-18,-1.9605626070597904,-8.275623073839221E-19,0.039754765857707715,2.0451936073515053E-19,-2.2552835511229676,-5.5170820492261454E-18,-2.0451936073515053E-19,0.039754765857707715,-0.7658495478748492],"timepoint":0}
{"normalizedAffine":[0.058204952692269885,1.2116339742408E-18,8.077559828272006E-18,-1.9667753379962396,-1.2116339742408008E-18,0.058204952692269885,2.99436796052334E-19,-3.0906629909491374,-8.077559828272001E-18,-2.99436796052334E-19,0.058204952692269885,-1.1281432917935668],"timepoint":0}
{"normalizedAffine":[0.07042799275764665,1.4660771088313706E-18,9.773847392209142E-18,-2.326249736061164,-1.4660771088313708E-18,0.07042799275764665,3.6231852322332473E-19,-3.4845182760550837,-9.773847392209133E-18,-3.6231852322332473E-19,0.07042799275764665,-1.3698108059390413],"timepoint":0}
{"normalizedAffine":[0.06402544796149699,1.3327973716648832E-18,8.885315811099221E-18,-2.2358038851351596,-1.3327973716648834E-18,0.06402544796149699,3.293804756575681E-19,-3.1884348057539875,-8.885315811099218E-18,-3.293804756575681E-19,0.06402544796149699,-1.2503065871271122],"timepoint":0}
