coordinates: 57,8
A) pale stripes across slides
1.
{"normalizedAffine":[0.013933802908437954,2.9005554017881753E-19,1.933703601192109E-18,-1.683884031586535,-2.9005554017881753E-19,0.013933802908437954,-1.8272276352127252E-19,-1.3220997232164002,-1.933703601192109E-18,1.8272276352127252E-19,0.013933802908437954,-0.8874106578760657],"timepoint":0}

2.
{"normalizedAffine":[0.011515539593750377,2.3971532246183263E-19,1.5981021497455442E-18,-1.3916396955260626,-2.3971532246183263E-19,0.011515539593750377,-1.5101054836468802E-19,-1.092644399352397,-1.5981021497455442E-18,1.5101054836468802E-19,0.011515539593750377,-0.7443904689552078],"timepoint":0}

3.
{"normalizedAffine":[0.012667093553125414,2.636868547080159E-19,1.7579123647200997E-18,-1.5315849150786693,-2.636868547080159E-19,0.012667093553125414,-1.6611160320115694E-19,-1.2019088392876374,-1.7579123647200997E-18,1.6611160320115694E-19,0.012667093553125414,-0.829142015850729],"timepoint":0}

4.
{"normalizedAffine":[0.03285517839480039,6.839357912264014E-19,4.559571941509332E-18,-3.682406517936292,-6.839357912264014E-19,0.03285517839480039,-4.3085071833812557E-19,-2.7717352884225583,-4.559571941509332E-18,4.3085071833812533E-19,0.03285517839480039,-1.899057744789288],"timepoint":0}

5.
{"normalizedAffine":[0.03975476585770861,8.275623073839485E-19,5.5170820492263095E-18,-4.78044396848419,-8.275623073839485E-19,0.03975476585770861,-5.213293691891339E-19,-3.2604423367377318,-5.5170820492263095E-18,5.213293691891339E-19,0.03975476585770861,-2.335474240797994],"timepoint":0}
{"normalizedAffine":[0.03975476585770861,8.275623073839485E-19,5.5170820492263095E-18,-4.78044396848419,-8.275623073839485E-19,0.03975476585770861,-5.213293691891339E-19,-3.2604423367377318,-5.5170820492263095E-18,5.213293691891339E-19,0.03975476585770861,-2.336255490797994],"timepoint":0}

6.
{"normalizedAffine":[0.05291359335661017,1.1014854311280357E-18,7.343236207520234E-18,-6.385698512836747,-1.1014854311280357E-18,0.05291359335661017,-6.938893903907388E-19,-5.210599741257815,-7.343236207520234E-18,6.938893903907388E-19,0.05291359335661017,-3.1575511378610024],"timepoint":0}
{"normalizedAffine":[0.05291359335661017,1.1014854311280357E-18,7.343236207520234E-18,-6.385698512836747,-1.1014854311280357E-18,0.05291359335661017,-6.938893903907388E-19,-5.210599741257815,-7.343236207520234E-18,6.938893903907388E-19,0.05291359335661017,-3.158332387861002],"timepoint":0}

7.
{"normalizedAffine":[0.05820495269227186,1.6407543401178083E-19,8.279498823979078E-18,-7.498534254152429,-1.6407543401178083E-19,0.05820495269227186,-8.077559828272277E-19,-6.147153588985251,-8.279498823979078E-18,8.077559828272277E-19,0.05820495269227186,-3.6776527629017863],"timepoint":0}
{"normalizedAffine":[0.05820495269227186,1.6407543401178083E-19,8.279498823979078E-18,-7.498534254152429,-1.6407543401178083E-19,0.05820495269227186,-8.077559828272277E-19,-6.147153588985251,-8.279498823979078E-18,8.077559828272277E-19,0.05820495269227186,-3.6792152629017867],"timepoint":0}
{"normalizedAffine":[0.05820495269227186,1.6407543401178083E-19,8.279498823979078E-18,-7.25869050415243,-1.6407543401178083E-19,0.05820495269227186,-8.077559828272277E-19,-5.716684838985252,-8.279498823979078E-18,8.077559828272277E-19,0.05820495269227186,-3.6776527629017863],"timepoint":0}
{"normalizedAffine":[0.05820495269227186,1.6407543401178083E-19,8.279498823979078E-18,-7.25869050415243,-1.6407543401178083E-19,0.05820495269227186,-8.077559828272277E-19,-5.716684838985252,-8.279498823979078E-18,8.077559828272277E-19,0.05820495269227186,-3.6792152629017867],"timepoint":0}

8.
{"normalizedAffine":[0.02986834399527354,8.419664096537195E-20,4.2486920364064535E-18,-3.711361641748142,-8.419664096537195E-20,0.02986834399527354,-4.1450654013721526E-19,-2.930296189037136,-4.2486920364064535E-18,4.1450654013721526E-19,0.02986834399527354,-1.902933953603649],"timepoint":0}
{"normalizedAffine":[0.02986834399527354,8.419664096537195E-20,4.2486920364064535E-18,-3.711361641748142,-8.419664096537195E-20,0.02986834399527354,-4.1450654013721526E-19,-2.930296189037136,-4.2486920364064535E-18,4.1450654013721526E-19,0.02986834399527354,-1.9037152036036489],"timepoint":0}

9.
{"normalizedAffine":[0.07042799275764904,1.9853127515425503E-19,1.0018193577014696E-17,-9.134762037168192,-1.9853127515425503E-19,0.07042799275764904,-9.773847392209466E-19,-7.359096716508884,-1.0018193577014696E-17,9.773847392209466E-19,0.07042799275764904,-4.565784713021323],"timepoint":0}
{"normalizedAffine":[0.07042799275764904,1.9853127515425503E-19,1.0018193577014696E-17,-9.134762037168192,-1.9853127515425503E-19,0.07042799275764904,-9.773847392209466E-19,-7.359096716508884,-1.0018193577014696E-17,9.773847392209466E-19,0.07042799275764904,-4.567347213021323],"timepoint":0}

10.
{"normalizedAffine":[0.024684581814275686,6.958400079782817E-20,3.5113157325673214E-18,-2.983483628239629,-6.958400079782817E-20,0.024684581814275686,-3.4256738854315357E-19,-2.111819387227388,-3.5113157325673214E-18,3.4256738854315357E-19,0.024684581814275686,-1.6163232027459093],"timepoint":0}

11.
{"normalizedAffine":[0.0298683439952736,8.419664096537222E-20,4.248692036406463E-18,-3.682301643188362,-8.419664096537222E-20,0.0298683439952736,-4.1450654013721613E-19,-2.9568136261970226,-4.248692036406463E-18,4.1450654013721613E-19,0.0298683439952736,-1.9986184874223125],"timepoint":0}

B) small dark shapes 
1.
{"normalizedAffine":[0.09373965836042938,1.9513486318546074E-18,1.3008990879030686E-17,-11.155603003545362,-1.9513486318546074E-18,0.09373965836042938,-1.2292673823300008E-18,-9.386946985847153,-1.3008990879030686E-17,1.2292673823299998E-18,0.09373965836042938,-5.415223130099253],"timepoint":0}
{"normalizedAffine":[0.09373965836042938,1.9513486318546074E-18,1.3008990879030686E-17,-11.155603003545362,-1.9513486318546074E-18,0.09373965836042938,-1.2292673823300008E-18,-9.386946985847153,-1.3008990879030686E-17,1.2292673823299998E-18,0.09373965836042938,-5.416004380099253],"timepoint":0}

2.
{"normalizedAffine":[0.08521787123675402,1.7739533016860075E-18,1.182635534457336E-17,-10.13815043208997,-1.7739533016860075E-18,0.08521787123675402,-1.117515802118183E-18,-8.612820473436226,-1.182635534457336E-17,1.1175158021181825E-18,0.08521787123675402,-4.927693068138684],"timepoint":0}
{"normalizedAffine":[0.08521787123675402,1.7739533016860075E-18,1.182635534457336E-17,-10.13815043208997,-1.7739533016860075E-18,0.08521787123675402,-1.117515802118183E-18,-8.612820473436226,-1.182635534457336E-17,1.1175158021181825E-18,0.08521787123675402,-4.966755568138684],"timepoint":0}

3.
{"normalizedAffine":[0.08521787123675427,1.7739533016860133E-18,1.1826355344573414E-17,-10.211019381911631,-1.7739533016860133E-18,0.08521787123675427,-1.1175158021181887E-18,-8.433290623565346,-1.1826355344573414E-17,1.1175158021181887E-18,0.08521787123675427,-5.070765765254805],"timepoint":0}
{"normalizedAffine":[0.08521787123675427,1.7739533016860133E-18,1.1826355344573414E-17,-10.211019381911631,-1.7739533016860133E-18,0.08521787123675427,-1.1175158021181887E-18,-8.433290623565346,-1.1826355344573414E-17,1.1175158021181887E-18,0.08521787123675427,-5.073109515254806],"timepoint":0}

4.
{"normalizedAffine":[0.05820495269227119,1.2116339742408395E-18,8.077559828272258E-18,-6.9461032993547995,-1.2116339742408395E-18,0.05820495269227119,-7.632783294298127E-19,-5.8173968656961,-8.077559828272258E-18,7.632783294298127E-19,0.05820495269227119,-3.4772104971158537],"timepoint":0}
{"normalizedAffine":[0.05820495269227119,1.2116339742408395E-18,8.077559828272258E-18,-6.9461032993547995,-1.2116339742408395E-18,0.05820495269227119,-7.632783294298127E-19,-5.8173968656961,-8.077559828272258E-18,7.632783294298127E-19,0.05820495269227119,-3.4787729971158536],"timepoint":0}

5.
{"normalizedAffine":[0.06402544796149831,1.3327973716649234E-18,8.88531581109949E-18,-7.674670274365283,-1.3327973716649234E-18,0.06402544796149831,-8.396061623727953E-19,-6.34883009855868,-8.88531581109949E-18,8.396061623727953E-19,0.06402544796149831,-3.836433947093066],"timepoint":0}
{"normalizedAffine":[0.06402544796149831,1.3327973716649234E-18,8.88531581109949E-18,-7.674670274365283,-1.3327973716649234E-18,0.06402544796149831,-8.396061623727953E-19,-6.34883009855868,-8.88531581109949E-18,8.396061623727953E-19,0.06402544796149831,-3.839558947093066],"timepoint":0}

6.
{"normalizedAffine":[0.10311362419647276,2.1464834950400783E-18,1.4309889966933826E-17,-12.377484848272216,-2.1464834950400783E-18,0.10311362419647276,-1.352194120563008E-18,-10.26544040320337,-1.4309889966933826E-17,1.3521941205630073E-18,0.10311362419647276,-6.190780871648135],"timepoint":0}
{"normalizedAffine":[0.10311362419647276,2.1464834950400783E-18,1.4309889966933826E-17,-12.364984848272215,-2.1464834950400783E-18,0.10311362419647276,-1.352194120563008E-18,-10.35794040320337,-1.4309889966933826E-17,1.3521941205630073E-18,0.10311362419647276,-6.200780871648135],"timepoint":0}

7.
{"normalizedAffine":[0.08521787123675438,1.7739533016860163E-18,1.1826355344573421E-17,-10.294073095081368,-1.7739533016860163E-18,0.08521787123675438,-1.1175158021181896E-18,-8.536772778848393,-1.1826355344573421E-17,1.1175158021181887E-18,0.08521787123675438,-5.13586890383214],"timepoint":0}
{"normalizedAffine":[0.08521787123675438,1.7739533016860163E-18,1.1826355344573421E-17,-10.294073095081368,-1.7739533016860163E-18,0.08521787123675438,-1.1175158021181896E-18,-8.536772778848393,-1.1826355344573421E-17,1.1175158021181887E-18,0.08521787123675438,-5.13586890383214],"timepoint":0}
{"normalizedAffine":[0.08521787123675438,1.7739533016860163E-18,1.1826355344573421E-17,-10.277823095081366,-1.7739533016860163E-18,0.08521787123675438,-1.1175158021181896E-18,-8.449272778848393,-1.1826355344573421E-17,1.1175158021181887E-18,0.08521787123675438,-5.14461890383214],"timepoint":0}

8.
{"normalizedAffine":[0.1660655229046617,3.456933133597005E-18,2.3046220890646657E-17,-21.768341259927322,-3.456933133597005E-18,0.1660655229046617,-2.1777221531079354E-18,-16.530220652042733,-2.3046220890646657E-17,2.1777221531079343E-18,0.1660655229046617,-10.014054213087316],"timepoint":0}
{"normalizedAffine":[0.1660655229046617,3.456933133597005E-18,2.3046220890646657E-17,-21.768341259927322,-3.456933133597005E-18,0.1660655229046617,-2.1777221531079354E-18,-16.530220652042733,-2.3046220890646657E-17,2.1777221531079343E-18,0.1660655229046617,-10.026554213087318],"timepoint":0}

9.
{"normalizedAffine":[0.11342498661612029,2.3611318445440924E-18,1.574087896362726E-17,-13.649721345321497,-2.3611318445440924E-18,0.11342498661612029,-1.4874135326193126E-18,-11.45051359821126,-1.574087896362726E-17,1.4874135326193118E-18,0.11342498661612029,-6.86309835456098],"timepoint":0}
{"normalizedAffine":[0.11342498661612029,2.3611318445440924E-18,1.574087896362726E-17,-13.649721345321497,-2.3611318445440924E-18,0.11342498661612029,-1.4874135326193126E-18,-11.45051359821126,-1.574087896362726E-17,1.4874135326193118E-18,0.11342498661612029,-6.86559835456098],"timepoint":0}

10.
{"normalizedAffine":[0.1660655229046618,3.456933133597006E-18,2.304622089064668E-17,-19.402864590189164,-3.456933133597006E-18,0.1660655229046618,-2.1777221531079377E-18,-14.088508717631479,-2.304622089064668E-17,2.1777221531079354E-18,0.1660655229046618,-10.07421076373814],"timepoint":0}
{"normalizedAffine":[0.1660655229046618,3.456933133597006E-18,2.304622089064668E-17,-19.402864590189164,-3.456933133597006E-18,0.1660655229046618,-2.1777221531079377E-18,-14.088508717631479,-2.304622089064668E-17,2.1777221531079354E-18,0.1660655229046618,-10.079210763738141],"timepoint":0}

11.
{"normalizedAffine":[0.15096865718605623,3.1426664850881874E-18,2.0951109900587903E-17,-17.311051316533153,-3.1426664850881874E-18,0.15096865718605623,-1.979747411916308E-18,-14.934219855925928,-2.0951109900587903E-17,1.9797474119163077E-18,0.15096865718605623,-9.158995840654685],"timepoint":0}
{"normalizedAffine":[0.15096865718605623,3.1426664850881874E-18,2.0951109900587903E-17,-17.311051316533153,-3.1426664850881874E-18,0.15096865718605623,-1.979747411916308E-18,-14.934219855925928,-2.0951109900587903E-17,1.9797474119163077E-18,0.15096865718605623,-9.162745840654685],"timepoint":0}

12.
{"normalizedAffine":[0.11342498661612048,2.3611318445440924E-18,1.5740878963627283E-17,-13.6196513701406,-2.3611318445440924E-18,0.11342498661612048,-1.4874135326193149E-18,-11.364992662350378,-1.5740878963627283E-17,1.4874135326193147E-18,0.11342498661612048,-6.8867860529957365],"timepoint":0}
{"normalizedAffine":[0.11342498661612048,2.3611318445440924E-18,1.5740878963627283E-17,-13.632151370140601,-2.3611318445440924E-18,0.11342498661612048,-1.4874135326193149E-18,-11.314992662350377,-1.5740878963627283E-17,1.4874135326193147E-18,0.11342498661612048,-6.891786052995736],"timepoint":0}
{"normalizedAffine":[0.11342498661612048,2.3611318445440924E-18,1.5740878963627283E-17,-13.624651370140601,-2.3611318445440924E-18,0.11342498661612048,-1.4874135326193149E-18,-11.219992662350379,-1.5740878963627283E-17,1.4874135326193147E-18,0.11342498661612048,-6.9005360529957365],"timepoint":0}
{"normalizedAffine":[0.11342498661612048,2.3611318445440924E-18,1.5740878963627283E-17,-13.624651370140601,-2.3611318445440924E-18,0.11342498661612048,-1.4874135326193149E-18,-11.219992662350379,-1.5740878963627283E-17,1.4874135326193147E-18,0.11342498661612048,-6.903036052995737],"timepoint":0}

13.
{"normalizedAffine":[0.12476748527773257,2.5972450289985018E-18,1.7314966859990027E-17,-13.643190700067164,-2.5972450289985018E-18,0.12476748527773257,-1.636154885881248E-18,-12.267459963660418,-1.7314966859990027E-17,1.636154885881248E-18,0.12476748527773257,-7.5836653472523246],"timepoint":0}
{"normalizedAffine":[0.12476748527773257,2.5972450289985018E-18,1.7314966859990027E-17,-13.643190700067164,-2.5972450289985018E-18,0.12476748527773257,-1.636154885881248E-18,-12.263709963660418,-1.7314966859990027E-17,1.636154885881248E-18,0.12476748527773257,-7.587415347252325],"timepoint":0}

14.
{"normalizedAffine":[0.1826720751951283,3.802626446956707E-18,2.5350842979711402E-17,-20.208796253968345,-3.802626446956707E-18,0.1826720751951283,-2.395494368418736E-18,-18.372717132795223,-2.5350842979711402E-17,2.395494368418736E-18,0.1826720751951283,-11.110564934912134],"timepoint":0}
{"normalizedAffine":[0.1826720751951283,3.802626446956707E-18,2.5350842979711402E-17,-20.208796253968345,-3.802626446956707E-18,0.1826720751951283,-2.395494368418736E-18,-18.372717132795223,-2.5350842979711402E-17,2.395494368418736E-18,0.1826720751951283,-11.116814934912133],"timepoint":0}

15.
{"normalizedAffine":[0.10311362419647342,2.146483495040084E-18,1.4309889966933927E-17,-12.493758260749559,-2.146483495040084E-18,0.10311362419647342,-1.352194120563016E-18,-10.34710770614305,-1.4309889966933927E-17,1.352194120563016E-18,0.10311362419647342,-6.28434330694362],"timepoint":0}
{"normalizedAffine":[0.10311362419647342,2.146483495040084E-18,1.4309889966933927E-17,-12.486258260749558,-2.146483495040084E-18,0.10311362419647342,-1.352194120563016E-18,-10.28960770614305,-1.4309889966933927E-17,1.352194120563016E-18,0.10311362419647342,-6.30434330694362],"timepoint":0}

16.
{"normalizedAffine":[0.26745018529318804,5.567425380989315E-18,3.7116169206595545E-17,-29.391907391787523,-5.567425380989315E-18,0.26745018529318804,-3.507243304801876E-18,-26.9844453330084,-3.7116169206595545E-17,3.507243304801876E-18,0.26745018529318804,-16.36432869640224],"timepoint":0}
{"normalizedAffine":[0.26745018529318804,5.567425380989315E-18,3.7116169206595545E-17,-29.391907391787523,-5.567425380989315E-18,0.26745018529318804,-3.507243304801876E-18,-26.9844453330084,-3.7116169206595545E-17,3.507243304801876E-18,0.26745018529318804,-16.37307869640224],"timepoint":0}

17.
{"normalizedAffine":[0.09373965836043043,1.9513486318546217E-18,1.3008990879030854E-17,-11.340257109943574,-1.9513486318546217E-18,0.09373965836043043,-1.2292673823300152E-18,-9.319681970108578,-1.3008990879030854E-17,1.2292673823300152E-18,0.09373965836043043,-5.744154573817735],"timepoint":0}
{"normalizedAffine":[0.09373965836043043,1.9513486318546217E-18,1.3008990879030854E-17,-11.340257109943574,-1.9513486318546217E-18,0.09373965836043043,-1.2292673823300152E-18,-9.319681970108578,-1.3008990879030854E-17,1.2292673823300152E-18,0.09373965836043043,-5.745404573817734],"timepoint":0}

18.
{"normalizedAffine":[0.13724423380550618,3.868812907778999E-19,1.952262513463863E-17,-16.75814216535589,-3.868812907778996E-19,0.13724423380550618,-1.9046463545988908E-18,-13.501125949473467,-1.952262513463863E-17,1.9046463545988908E-18,0.13724423380550618,-8.432478878822797],"timepoint":0}
{"normalizedAffine":[0.13724423380550618,3.868812907778999E-19,1.952262513463863E-17,-16.729392165355886,-3.868812907778996E-19,0.13724423380550618,-1.9046463545988908E-18,-13.518625949473467,-1.952262513463863E-17,1.9046463545988908E-18,0.13724423380550618,-8.434978878822797],"timepoint":0}

19.
{"normalizedAffine":[0.058204952692271675,1.6407543401178025E-19,8.279498823979058E-18,-6.980432304068616,-1.6407543401178015E-19,0.058204952692271675,-8.077559828272251E-19,-5.833838033918295,-8.279498823979058E-18,8.077559828272251E-19,0.058204952692271675,-3.5787768887653373],"timepoint":0}
{"normalizedAffine":[0.058204952692271675,1.6407543401178025E-19,8.279498823979058E-18,-6.980432304068616,-1.6407543401178015E-19,0.058204952692271675,-8.077559828272251E-19,-5.833838033918295,-8.279498823979058E-18,8.077559828272251E-19,0.058204952692271675,-3.5795581387653375],"timepoint":0}

20.
{"normalizedAffine":[0.052913593356610625,1.4915948546525482E-19,7.526817112708234E-18,-6.41299278352829,-1.4915948546525475E-19,0.052913593356610625,-7.34323620752023E-19,-5.243407738931404,-7.526817112708234E-18,7.34323620752023E-19,0.052913593356610625,-3.2566601843889424],"timepoint":0}
{"normalizedAffine":[0.052913593356610625,1.4915948546525482E-19,7.526817112708234E-18,-6.41299278352829,-1.4915948546525475E-19,0.052913593356610625,-7.34323620752023E-19,-5.243407738931404,-7.526817112708234E-18,7.34323620752023E-19,0.052913593356610625,-3.2621289343889424],"timepoint":0}

21.
{"normalizedAffine":[0.11342498661612094,3.197366039486781E-19,1.6134400937717888E-17,-14.025372255034847,-3.1973660394867797E-19,0.11342498661612094,-1.574087896362721E-18,-10.090088747550801,-1.6134400937717888E-17,1.574087896362721E-18,0.11342498661612094,-6.9944382152976905],"timepoint":0}
{"normalizedAffine":[0.11342498661612094,3.197366039486781E-19,1.6134400937717888E-17,-14.025372255034847,-3.1973660394867797E-19,0.11342498661612094,-1.574087896362721E-18,-10.090088747550801,-1.6134400937717888E-17,1.574087896362721E-18,0.11342498661612094,-6.99756321529769],"timepoint":0}

22.
{"normalizedAffine":[0.05291359335661064,1.4915948546525491E-19,7.526817112708237E-18,-6.432268807787586,-1.4915948546525487E-19,0.05291359335661064,-7.343236207520232E-19,-5.181715633328633,-7.526817112708237E-18,7.343236207520232E-19,0.05291359335661064,-3.270134024045524],"timepoint":0}
{"normalizedAffine":[0.05291359335661064,1.4915948546525491E-19,7.526817112708237E-18,-6.411956307787586,-1.4915948546525487E-19,0.05291359335661064,-7.343236207520232E-19,-5.201246883328633,-7.526817112708237E-18,7.343236207520232E-19,0.05291359335661064,-3.274821524045524],"timepoint":0}

23.
{"normalizedAffine":[0.04810326668782785,1.3559953224114088E-19,6.842561011552943E-18,-5.7963043138978065,-1.355995322411408E-19,0.04810326668782785,-6.675669279563846E-19,-4.722817195071485,-6.842561011552943E-18,6.675669279563846E-19,0.04810326668782785,-2.980230007655022],"timepoint":0}
{"normalizedAffine":[0.04810326668782785,1.3559953224114088E-19,6.842561011552943E-18,-5.7963043138978065,-1.355995322411408E-19,0.04810326668782785,-6.675669279563846E-19,-4.722817195071485,-6.842561011552943E-18,6.675669279563846E-19,0.04810326668782785,-2.984917507655022],"timepoint":0}

24.
{"normalizedAffine":[0.05291359335661064,1.4915948546525503E-19,7.52681711270824E-18,-6.441271151537588,-1.4915948546525491E-19,0.05291359335661064,-7.343236207520232E-19,-5.152949617703636,-7.52681711270824E-18,7.343236207520232E-19,0.05291359335661064,-3.286840742795525],"timepoint":0}
{"normalizedAffine":[0.05291359335661064,1.4915948546525503E-19,7.52681711270824E-18,-6.436583651537588,-1.4915948546525491E-19,0.05291359335661064,-7.343236207520232E-19,-5.100605867703636,-7.52681711270824E-18,7.343236207520232E-19,0.05291359335661064,-3.289965742795525],"timepoint":0}

25.
{"normalizedAffine":[0.09373965836043055,2.6424512723031285E-19,1.3334215651006528E-17,-11.367537244692212,-2.642451272303126E-19,0.09373965836043055,-1.3008990879030756E-18,-9.410761497196487,-1.3334215651006528E-17,1.3008990879030756E-18,0.09373965836043055,-5.8373296885147745],"timepoint":0}
{"normalizedAffine":[0.09373965836043055,2.6424512723031285E-19,1.3334215651006528E-17,-11.376130994692211,-2.642451272303126E-19,0.09373965836043055,-1.3008990879030756E-18,-9.335761497196488,-1.3334215651006528E-17,1.3008990879030756E-18,0.09373965836043055,-5.843579688514774],"timepoint":0}

26.
{"normalizedAffine":[0.07042799275764883,1.985312751542546E-19,1.0018193577014673E-17,-8.528596574228047,-1.9853127515425453E-19,0.07042799275764883,-9.773847392209438E-19,-6.9009018116702725,-1.0018193577014673E-17,9.773847392209438E-19,0.07042799275764883,-4.417378386947734],"timepoint":0}
{"normalizedAffine":[0.07042799275764883,1.985312751542546E-19,1.0018193577014673E-17,-8.517659074228048,-1.9853127515425453E-19,0.07042799275764883,-9.773847392209438E-19,-6.772776811670273,-1.0018193577014673E-17,9.773847392209438E-19,0.07042799275764883,-4.421284636947734],"timepoint":0}

27.
{"normalizedAffine":[0.06402544796149902,1.8048297741295888E-19,9.107448706376983E-18,-7.7896777443332965,-1.8048297741295888E-19,0.06402544796149902,-8.8853158110995E-19,-6.27602162593065,-9.107448706376983E-18,8.8853158110995E-19,0.06402544796149902,-4.035580302785713],"timepoint":0}
{"normalizedAffine":[0.06402544796149902,1.8048297741295888E-19,9.107448706376983E-18,-7.7896777443332965,-1.8048297741295888E-19,0.06402544796149902,-8.8853158110995E-19,-6.27602162593065,-9.107448706376983E-18,8.8853158110995E-19,0.06402544796149902,-4.037142802785713],"timepoint":0}

28.
{"normalizedAffine":[0.10311362419647414,2.9066963995334574E-19,1.466763721610725E-17,-13.21655275004467,-2.9066963995334574E-19,0.10311362419647414,-1.4309889966933906E-18,-8.536663285459856,-1.466763721610725E-17,1.4309889966933906E-18,0.10311362419647414,-6.915174343999401],"timepoint":0}
{"normalizedAffine":[0.10311362419647414,2.9066963995334574E-19,1.466763721610725E-17,-13.21655275004467,-2.9066963995334574E-19,0.10311362419647414,-1.4309889966933906E-18,-8.536663285459856,-1.466763721610725E-17,1.4309889966933906E-18,0.10311362419647414,-6.918299343999401],"timepoint":0}

C) blurry shapes
1.
{"normalizedAffine":[0.05820495269227119,1.2116339742408395E-18,8.077559828272247E-18,-7.408910168488173,-1.2116339742408395E-18,0.05820495269227119,-7.632783294298114E-19,-5.297526042455217,-8.077559828272247E-18,7.632783294298114E-19,0.05820495269227119,-3.422830756257813],"timepoint":0}
{"normalizedAffine":[0.05820495269227119,1.2116339742408395E-18,8.077559828272247E-18,-7.451097668488173,-1.2116339742408395E-18,0.05820495269227119,-7.632783294298114E-19,-5.309244792455217,-8.077559828272247E-18,7.632783294298114E-19,0.05820495269227119,-3.426737006257813],"timepoint":0}
{"normalizedAffine":[0.05820495269227119,1.2116339742408395E-18,8.077559828272247E-18,-7.451097668488173,-1.2116339742408395E-18,0.05820495269227119,-7.632783294298114E-19,-5.309244792455217,-8.077559828272247E-18,7.632783294298114E-19,0.05820495269227119,-3.4298620062578133],"timepoint":0}

2.
{"normalizedAffine":[0.052913593356610666,1.4915948546525513E-19,7.526817112708242E-18,-6.4079914226919925,-1.4915948546525503E-19,0.052913593356610666,-7.343236207520235E-19,-5.088173747380932,-7.526817112708242E-18,7.343236207520235E-19,0.052913593356610666,-3.311493079858363],"timepoint":0}
{"normalizedAffine":[0.052913593356610666,1.4915948546525513E-19,7.526817112708242E-18,-6.4079914226919925,-1.4915948546525503E-19,0.052913593356610666,-7.343236207520235E-19,-5.088173747380932,-7.526817112708242E-18,7.343236207520235E-19,0.052913593356610666,-3.313055579858363],"timepoint":0}

3.
{"normalizedAffine":[0.0529135933566107,1.4915948546525516E-19,7.526817112708242E-18,-6.409566979938663,-1.4915948546525513E-19,0.0529135933566107,-7.34323620752024E-19,-5.101489782123374,-7.526817112708242E-18,7.34323620752024E-19,0.0529135933566107,-3.3268094304875917],"timepoint":0}
{"normalizedAffine":[0.0529135933566107,1.4915948546525516E-19,7.526817112708242E-18,-6.409566979938663,-1.4915948546525513E-19,0.0529135933566107,-7.34323620752024E-19,-5.101489782123374,-7.526817112708242E-18,7.34323620752024E-19,0.0529135933566107,-3.327590680487592],"timepoint":0}

D) small blurry shapes 
1.
{"normalizedAffine":[0.013933802908437957,2.9005554017881753E-19,1.933703601192111E-18,-1.6847434065865365,-2.9005554017881753E-19,0.013933802908437957,-1.8272276352127274E-19,-1.3220997232164018,-1.933703601192111E-18,1.8272276352127274E-19,0.013933802908437957,-0.9206499674358023],"timepoint":0}
{"normalizedAffine":[0.013933802908437957,2.9005554017881753E-19,1.933703601192111E-18,-1.6847434065865365,-2.9005554017881753E-19,0.013933802908437957,-1.8272276352127274E-19,-1.3220997232164018,-1.933703601192111E-18,1.8272276352127274E-19,0.013933802908437957,-0.9214312174358024],"timepoint":0}

2.
{"normalizedAffine":[0.013933802908437957,2.9005554017881753E-19,1.9337036011921123E-18,-1.704164100839374,-2.9005554017881753E-19,0.013933802908437957,-1.8272276352127286E-19,-1.3107780753342524,-1.9337036011921123E-18,1.8272276352127286E-19,0.013933802908437957,-0.8737749674358029],"timepoint":0}
{"normalizedAffine":[0.013933802908437957,2.9005554017881753E-19,1.9337036011921123E-18,-1.704164100839374,-2.9005554017881753E-19,0.013933802908437957,-1.8272276352127286E-19,-1.3107780753342524,-1.9337036011921123E-18,1.8272276352127286E-19,0.013933802908437957,-0.8745562174358028],"timepoint":0}

3.
{"normalizedAffine":[0.1509686571860556,3.142666485088172E-18,2.095110990058777E-17,-16.630355766131206,-3.142666485088172E-18,0.1509686571860556,-1.9797474119162958E-18,-15.13043080666821,-2.095110990058777E-17,1.9797474119162958E-18,0.1509686571860556,-8.850331493693309],"timepoint":0}
{"normalizedAffine":[0.1509686571860556,3.142666485088172E-18,2.095110990058777E-17,-16.629574516131207,-3.142666485088172E-18,0.1509686571860556,-1.9797474119162958E-18,-15.13043080666821,-2.095110990058777E-17,1.9797474119162958E-18,0.1509686571860556,-8.85580024369331],"timepoint":0}

4.
{"normalizedAffine":[0.08521787123675427,1.7739533016860133E-18,1.1826355344573404E-17,-11.311508438468149,-1.7739533016860133E-18,0.08521787123675427,-1.1175158021181879E-18,-7.188756761811732,-1.1826355344573404E-17,1.1175158021181879E-18,0.08521787123675427,-5.0433244296913635],"timepoint":0}
{"normalizedAffine":[0.08521787123675427,1.7739533016860133E-18,1.1826355344573404E-17,-11.311508438468149,-1.7739533016860133E-18,0.08521787123675427,-1.1175158021181879E-18,-7.188756761811732,-1.1826355344573404E-17,1.1175158021181879E-18,0.08521787123675427,-5.046449429691363],"timepoint":0}

5.
{"normalizedAffine":[0.20093928271464126,4.182889091652378E-18,2.788592727768255E-17,-22.391745371901063,-4.182889091652378E-18,0.20093928271464126,-2.6350438052606105E-18,-19.806005696308503,-2.788592727768255E-17,2.6350438052606105E-18,0.20093928271464126,-12.222246428403352],"timepoint":0}
{"normalizedAffine":[0.20093928271464126,4.182889091652378E-18,2.788592727768255E-17,-22.391745371901063,-4.182889091652378E-18,0.20093928271464126,-2.6350438052606105E-18,-19.806005696308503,-2.788592727768255E-17,2.6350438052606105E-18,0.20093928271464126,-12.228496428403353],"timepoint":0}

6.
{"normalizedAffine":[0.07042799275764886,1.9853127515425465E-19,1.0018193577014673E-17,-8.925360212798363,-1.985312751542546E-19,0.07042799275764886,-9.773847392209441E-19,-6.684965712506212,-1.0018193577014673E-17,9.773847392209441E-19,0.07042799275764886,-4.430585695728985],"timepoint":0}
{"normalizedAffine":[0.07042799275764886,1.9853127515425465E-19,1.0018193577014673E-17,-8.925360212798363,-1.985312751542546E-19,0.07042799275764886,-9.773847392209441E-19,-6.684965712506212,-1.0018193577014673E-17,9.773847392209441E-19,0.07042799275764886,-4.432148195728986],"timepoint":0}

7.
{"normalizedAffine":[0.1134249866161211,3.1973660394867874E-19,1.6134400937717907E-17,-15.028224932693284,-3.1973660394867874E-19,0.1134249866161211,-1.5740878963627234E-18,-11.529742965440157,-1.6134400937717907E-17,1.5740878963627234E-18,0.1134249866161211,-7.143812182211434],"timepoint":0}
{"normalizedAffine":[0.1134249866161211,3.1973660394867874E-19,1.6134400937717907E-17,-15.028224932693284,-3.1973660394867874E-19,0.1134249866161211,-1.5740878963627234E-18,-11.529742965440157,-1.6134400937717907E-17,1.5740878963627234E-18,0.1134249866161211,-7.147718432211434],"timepoint":0}

8.
{"normalizedAffine":[0.06402544796149919,1.8048297741295933E-19,9.107448706377008E-18,-7.700001515903023,-1.8048297741295933E-19,0.06402544796149919,-8.885315811099524E-19,-5.840192482802404,-9.107448706377008E-18,8.885315811099524E-19,0.06402544796149919,-4.23287009293353],"timepoint":0}
{"normalizedAffine":[0.06402544796149919,1.8048297741295933E-19,9.107448706377008E-18,-7.700001515903023,-1.8048297741295933E-19,0.06402544796149919,-8.885315811099524E-19,-5.840192482802404,-9.107448706377008E-18,8.885315811099524E-19,0.06402544796149919,-4.23443259293353],"timepoint":0}

9.
{"normalizedAffine":[0.0704279927576492,1.9853127515425568E-19,1.0018193577014725E-17,-7.723670627416493,-1.9853127515425568E-19,0.0704279927576492,-9.77384739220949E-19,-7.542954711218198,-1.0018193577014725E-17,9.77384739220949E-19,0.0704279927576492,-4.737014291499623],"timepoint":0}
{"normalizedAffine":[0.0704279927576492,1.9853127515425568E-19,1.0018193577014725E-17,-7.723670627416493,-1.9853127515425568E-19,0.0704279927576492,-9.77384739220949E-19,-7.542954711218198,-1.0018193577014725E-17,9.77384739220949E-19,0.0704279927576492,-4.7393580414996235],"timepoint":0}

E) lines disrupting images
1.
{"normalizedAffine":[0.07747079203341277,1.6126848197145525E-18,1.0751232131430328E-17,-8.777926499270004,-1.6126848197145525E-18,0.07747079203341277,-1.0159234564710757E-18,-7.7965336907594995,-1.0751232131430328E-17,1.0159234564710753E-18,0.07747079203341277,-4.47541589685548],"timepoint":0}
{"normalizedAffine":[0.07747079203341277,1.6126848197145525E-18,1.0751232131430328E-17,-8.757613999270005,-1.6126848197145525E-18,0.07747079203341277,-1.0159234564710757E-18,-7.798877440759499,-1.0751232131430328E-17,1.0159234564710753E-18,0.07747079203341277,-4.57150964685548],"timepoint":0}
{"normalizedAffine":[0.07747079203341277,1.6126848197145525E-18,1.0751232131430328E-17,-8.757613999270005,-1.6126848197145525E-18,0.07747079203341277,-1.0159234564710757E-18,-7.798877440759499,-1.0751232131430328E-17,1.0159234564710753E-18,0.07747079203341277,-4.78479089685548],"timepoint":0}
{"normalizedAffine":[0.07747079203341277,1.6126848197145525E-18,1.0751232131430328E-17,-8.750582749270004,-1.6126848197145525E-18,0.07747079203341277,-1.0159234564710757E-18,-7.860596190759499,-1.0751232131430328E-17,1.0159234564710753E-18,0.07747079203341277,-5.21838464685548],"timepoint":0}

2.
{"normalizedAffine":[0.07747079203341277,1.6126848197145525E-18,1.0751232131430328E-17,-9.962301499270005,-1.6126848197145525E-18,0.07747079203341277,-1.0159234564710757E-18,-7.833252440759499,-1.0751232131430328E-17,1.0159234564710753E-18,0.07747079203341277,-4.47541589685548],"timepoint":0}
{"normalizedAffine":[0.07747079203341277,1.6126848197145525E-18,1.0751232131430328E-17,-9.905270249270004,-1.6126848197145525E-18,0.07747079203341277,-1.0159234564710757E-18,-7.872314940759499,-1.0751232131430328E-17,1.0159234564710753E-18,0.07747079203341277,-4.94494714685548],"timepoint":0}
{"normalizedAffine":[0.07747079203341277,1.6126848197145525E-18,1.0751232131430328E-17,-9.905270249270004,-1.6126848197145525E-18,0.07747079203341277,-1.0159234564710757E-18,-7.872314940759499,-1.0751232131430328E-17,1.0159234564710753E-18,0.07747079203341277,-5.21838464685548],"timepoint":0}

3.
{"normalizedAffine":[0.032855178394800504,6.839357912264038E-19,4.55957194150935E-18,-3.991356368437593,-6.839357912264038E-19,0.032855178394800504,-4.3085071833812745E-19,-3.3546153149603457,-4.55957194150935E-18,4.3085071833812745E-19,0.032855178394800504,-1.9328799788937905],"timepoint":0}
{"normalizedAffine":[0.032855178394800504,6.839357912264038E-19,4.55957194150935E-18,-3.991356368437593,-6.839357912264038E-19,0.032855178394800504,-4.3085071833812745E-19,-3.3546153149603457,-4.55957194150935E-18,4.3085071833812745E-19,0.032855178394800504,-1.9445987288937905],"timepoint":0}

4.
{"normalizedAffine":[0.2674501852931878,5.567425380989315E-18,3.711616920659551E-17,-34.203529817006,-5.567425380989315E-18,0.2674501852931878,-3.507243304801874E-18,-25.692074178750612,-3.711616920659551E-17,3.507243304801874E-18,0.2674501852931878,-16.277988686928264],"timepoint":0}
{"normalizedAffine":[0.2674501852931878,5.567425380989315E-18,3.711616920659551E-17,-34.203529817006,-5.567425380989315E-18,0.2674501852931878,-3.507243304801874E-18,-25.692074178750612,-3.711616920659551E-17,3.507243304801874E-18,0.2674501852931878,-16.297988686928267],"timepoint":0}


